Selected Best Function: 10, x0*x0*x0*(x0 - sin(-1.5705751)) + (x0 - 1*(-1.4808939))*(x0 - 1*0.13264361) + sin(-0.7800088) - 0.95025504/(-0.13582744)
Train MSE: 562.6563537926274
Train NMSE: 1.1592437960539213e-12
Test MSE: 692.8614076625684
Test NMSE: 8.49745227674478e-13
***************************************************************
Train Residuals: [17.56037324 22.30706502  8.39571332  9.89990625 26.79284113 27.30412963
 37.24934002  8.63743823 26.44355304 31.4312741  15.67483499 24.81436179
  8.69906458 38.97000587  8.82349006 16.90698123 27.09256425  7.83737156
 27.28890586 19.69689796 26.38359951 25.14908412 18.05615549 31.68554439
 30.32985515 13.0340954  12.93166964  6.63805828 11.4017742  13.55443352
 15.82158895 40.69808088 23.81646415 26.36200794 18.36469306 32.19096228
 26.06332    23.5104625  26.0250429  17.90753553 39.80831474  8.0813021
  7.58841554 24.48957558 19.61997371 28.82438522 37.7010389  23.18781959
 32.85732396 19.5070078  21.36112322 36.47623929 31.35132351 10.91496336
 29.76767546  7.21691644 29.48804459 11.63899597 18.05491788 29.73031902
 14.46535926  6.48769101 27.65116019 20.14422194  7.61254817 18.08728882
  7.81259631  9.70122872 10.38443255 29.71022822 31.75038719 28.09955584
 10.19823985 38.57895277 28.86099422 26.9673316  14.28805813 27.09395828
 27.1154462  32.73577614]
***************************************************************
Test Residuals: [31.21062659 25.91213504 21.24526868 18.82819139 37.35614667 32.11888567
 28.29363333 27.32907416 39.22466987 25.08660984  8.45385689 17.13551236
 33.61510149  7.59041275 40.86645374 27.18986712 13.84767489 27.03430067
 16.45968872 10.38398187]
***************************************************************
