Selected Best Function: 11, sin(x0*x0)/((x0/(x0*cos(x0)))) - x0/x0
Train MSE: 0.20279191274214084
Train NMSE: 0.4092595305158998
Test MSE: 0.22014383699701012
Test NMSE: 0.8283723428110045
***************************************************************
Train Residuals: [0.41647994 0.23375553 0.42991716 0.31646566 0.82109147 0.16751374
 0.75325699 0.33463523 0.22295161 0.70352358 0.16341179 0.44371309
 0.93438095 0.35749092 0.17386521 0.0187821  0.25347033 0.85774471
 0.39705998 0.66646277 0.09064974 0.30185285 0.56076598 0.30997786
 0.5229916  0.03987399 0.09555456 1.05515702 0.11412527 0.35896435
 0.36114784 0.33327554 0.4266419  0.15805608 0.9848926  0.75171397
 0.80493898 0.1379058  0.19644934 0.7864766  0.36626775 0.0031486
 0.17573969 0.10844579 0.576002   1.12235034 0.3175449  0.0811757
 0.51422984 0.05337385 0.14325179 0.4622886  0.01102708 0.03572574
 0.10085916 0.160863   0.0022257  0.04377693 0.41875119 0.44977551
 0.33664821 0.64847889 0.17950461 0.11102657 0.01022937 0.25992182
 0.32712847 0.16540525 0.62734249 0.29608832 0.86426274 0.24596985
 0.23260016 0.50694661 0.17859242 0.3201877  0.08103642 0.45248824
 0.29565519 0.40318627]
***************************************************************
Test Residuals: [0.35902266 0.23067972 0.44932486 0.27051535 0.26354071 0.71584088
 0.27280064 0.25873049 0.39948486 0.05775187 0.14075529 0.04458806
 0.48743487 1.24530855 0.61642621 0.1679769  0.62410195 0.05415697
 0.66788281 0.05138615]
***************************************************************
