Selected Best Function: 8, sin(x0*x0)*cos(x0) - x0/x0
Train MSE: 0.01278504493238238
Train NMSE: 0.05837765594108612
Test MSE: 0.007282319801509822
Test NMSE: 0.05234534053570202
***************************************************************
Train Residuals: [0.04201323 0.00317565 0.13271748 0.24209062 0.0122223  0.0160875
 0.12409861 0.00876734 0.00512859 0.17425712 0.20521782 0.00045581
 0.06461662 0.21964181 0.09410801 0.10494326 0.20505329 0.05517746
 0.04696178 0.05409095 0.11948616 0.02897916 0.01484222 0.15098251
 0.09321278 0.0155409  0.0683727  0.01337566 0.02248271 0.08455706
 0.23490134 0.01914182 0.11797642 0.08768429 0.08181613 0.20869107
 0.22568585 0.13378338 0.11314228 0.04255839 0.05937916 0.03234168
 0.07053395 0.03889715 0.12842664 0.1359125  0.06015119 0.01064566
 0.0783688  0.07323701 0.12679594 0.1554274  0.05362646 0.05753825
 0.05184231 0.16823637 0.06307175 0.07958012 0.073462   0.07354255
 0.1540648  0.05588388 0.1579949  0.15924114 0.01478672 0.07337188
 0.04353153 0.09365289 0.0257711  0.01189113 0.23778453 0.05587301
 0.22580861 0.01457936 0.00625747 0.28287038 0.07457024 0.1021562
 0.03216847 0.03866908]
***************************************************************
Test Residuals: [0.01864083 0.01338597 0.02272245 0.0348259  0.02089481 0.07967835
 0.18872456 0.20365475 0.09483436 0.06668778 0.06116497 0.00031
 0.0911008  0.01158155 0.16021242 0.05467621 0.04031152 0.01163951
 0.05427006 0.02311565]
***************************************************************
