Selected Best Function: 6, (x0*x0 + x0)*(x0*x0*x0 + x0)
Train MSE: 3886.6528809619413
Train NMSE: 4.965058534623466e-16
Test MSE: 3376.3452016190377
Test NMSE: 3.4532496525686657e-16
***************************************************************
Train Residuals: [43.66785133  8.79393325 20.82812252 74.4573164   2.09388561 52.13670617
 57.5515945  26.22473512 82.96638727 82.99130774 83.60345697 78.24685526
 53.56440467 38.06000385 27.27206224 64.90877247 66.62585258 16.98612473
 51.5954628  59.03989208 91.56380749 55.58010459 99.05474281 82.26132727
 68.43412852 26.85659133 73.83524418 87.17860508 16.8698264  77.82600307
 62.83151042  2.10187698 61.55971992 83.2654171  98.00473595 21.81326831
 71.09247208  9.69417972 28.88430833 30.23689277 37.92350276 29.08407076
 92.97784424 82.74477196 58.64833689 84.31429577  1.54861637 25.06030089
 48.9340378  19.01516084 93.18564701 99.93188858 71.57188106 74.26914787
 93.14174938 95.75007057 33.10034662 46.86705667 59.92848623  7.07876351
 98.1638298  11.43773327 93.02551174 94.67638969 73.32546377 21.41205209
 57.39428198 53.13870001 36.25245085 37.63437785 26.69051526 52.63961494
 71.41873384 90.75596237 62.67910004 21.2531361  58.89943302 76.88653851
 62.97896492 47.96546355]
***************************************************************
Test Residuals: [11.04732805 37.37303971 99.25674057  3.0279621  39.4425354  66.44347119
 63.24725711 62.36061049  8.96804637 59.24079025 42.81552079 13.35371909
 81.08091116 50.83693355 97.72598267 96.32702255 22.75299401 71.36560607
 54.3990649  11.33014843]
***************************************************************
