Selected Best Function: 4, x0**(x0/(x0 + x0))
Train MSE: 8.029891872862563e-10
Train NMSE: 1.7881950787875922e-10
Test MSE: 1.1505405552735922e-09
Test NMSE: 2.2041879722399461e-10
***************************************************************
Train Residuals: [3.10690554e-05 2.08768911e-05 1.97979732e-05 1.82999832e-05
 3.72820658e-05 3.58434005e-05 1.19955533e-05 9.40278690e-06
 4.55987261e-05 3.81960665e-05 4.42714675e-05 4.15511091e-05
 2.20541112e-05 5.17290948e-06 8.96015456e-06 3.10460041e-06
 4.20425886e-05 8.08216504e-06 8.85897597e-06 4.28670453e-05
 2.28838431e-05 1.64353917e-05 9.15217712e-06 3.49858599e-05
 1.71486461e-05 5.03786163e-06 7.87469797e-06 1.14560577e-05
 4.43225498e-05 1.12612682e-05 4.30630038e-05 3.19559999e-05
 7.47587799e-06 4.39147946e-05 4.19706085e-05 1.79408364e-05
 1.19838074e-05 1.19353444e-05 6.46180836e-06 1.61196382e-05
 2.72800321e-05 1.54191908e-05 4.69945160e-05 4.08239511e-05
 5.58428971e-06 3.43949119e-05 2.41586301e-05 3.74813647e-05
 2.57975450e-05 3.81941142e-05 1.14576110e-05 6.40029598e-06
 2.67906244e-05 3.15088263e-05 2.98278411e-05 4.72130417e-05
 2.22752257e-05 3.67501706e-05 3.42229288e-05 5.61643542e-06
 2.62445438e-05 4.47422697e-05 2.58108413e-05 3.42438750e-06
 1.46837444e-05 1.79351069e-05 1.37978495e-05 4.04253799e-05
 4.74323358e-06 2.36034463e-05 4.79099960e-05 1.91960974e-05
 2.26116302e-05 4.11060809e-05 3.69004527e-05 4.61871512e-05
 1.29847676e-05 7.73093479e-06 1.31095390e-05 4.56693057e-05]
***************************************************************
Test Residuals: [4.23954581e-05 3.89041429e-05 4.26696163e-05 3.60986113e-05
 2.98446755e-05 1.67933949e-05 4.38627114e-06 9.82323369e-06
 3.63045900e-05 4.55064892e-05 6.37212678e-06 3.55463009e-05
 3.61780305e-05 3.96179506e-05 2.10457410e-05 4.29921838e-05
 4.34390950e-05 3.43636603e-05 4.00137723e-05 2.74960278e-05]
***************************************************************
