Selected Best Function: 7, (x0*x0 + x0)*(x0*x0*x0 + x0)
Train MSE: 3702.4947307622133
Train NMSE: 5.498703051506175e-16
Test MSE: 3319.4492114392315
Test NMSE: 6.661466218107074e-16
***************************************************************
Train Residuals: [63.60955715 82.0618763  74.22956848 16.53745671 94.57679176 30.14676351
 89.2084837  54.88743317 19.66324729 80.41929483 27.25195936 69.78825378
 13.56285851 71.75045514 57.75742638 21.51542082  2.52783198 55.29912198
 81.98669624 97.39483643 41.71585183 36.48641027 81.48374748 39.09408973
 14.61901538 52.39933687 16.11318584 43.12031934 10.34889722  2.03667026
 83.51522446 92.95855808 47.43213144 77.89735174 45.63687375 79.10128975
  3.88555801 46.78754538 53.88258618 87.75497723 90.23749352 98.6863842
 96.59269905 70.92039895  4.28772982 89.95294571 25.36640559 19.55026676
 88.04803085 85.36528969 92.32733822 25.42512531 64.73839808  4.27429639
 74.89568233 76.2336874  44.59402969 98.39126396 59.16250622 35.98994787
  8.00562694 43.58777791 38.22315267 19.45965391 45.22610945 66.30122304
  1.49429316 82.35726309 20.58838931 63.12190175 78.15545464 58.77285826
 72.21086049 86.26691723 71.56358385 18.47252018 74.49025249 32.86935377
 52.15287501 16.69450023]
***************************************************************
Test Residuals: [73.00052309  4.49505515 72.08995318 14.23997135 96.15174198 70.84651136
 36.56096599 61.17665076  2.96652014 50.23761207 56.44010079 79.40891552
 92.359272   69.24537444 30.01763488 47.93246508 48.83544141  5.15856945
 13.79446239 71.741745  ]
***************************************************************
