Nguyen_F10_LHS: (x0 + 0.04530424467597896*cos((x1 + 0.5224880964342626)**2*cos(log(x0**2))))*(sin(exp(-0.018616433563595183/(x1*cos(log(x0))))) + cos(x1)**3)
MSE: 0.0006282094015690665
Duration: 0.123303 seconds
