Selected Best Function: 3, log(x0**3)
Train MSE: 0.060858664744176415
Train NMSE: 0.01717627417418389
Test MSE: 0.06517944124472747
Test NMSE: 0.015714816081284118
***************************************************************
Train Residuals: [0.47862352 0.21323218 0.20706438 0.23340868 0.24675486 0.13353277
 0.06156751 0.06486341 0.26645025 0.09730971 0.04212789 0.36799406
 0.03107718 0.27151426 0.12615066 0.24499988 0.22339786 0.07360658
 0.06224835 0.18212624 0.03339315 0.07113342 0.02047726 0.07825827
 0.2093884  0.10654759 0.064959   0.10588235 0.18657649 0.05868519
 0.14810192 0.21400613 0.25293686 0.40511053 0.44814986 0.19585799
 0.15905625 0.31754028 0.05074944 0.03225093 0.5608466  0.03428744
 0.11162225 0.25996097 0.13919177 0.58433671 0.14607896 0.17466695
 0.09208042 0.29244811 0.3550926  0.20536608 0.12177924 0.0213573
 0.46182492 0.13007782 0.03842045 0.2439856  0.23621518 0.10852308
 0.14650606 0.19278294 0.21747848 0.42164943 0.01770961 0.47530352
 0.24462643 0.29193319 0.60389839 0.24343365 0.09383134 0.21534661
 0.10890301 0.23352122 0.37499056 0.20423609 0.17508335 0.20706826
 0.50929249 0.05002358]
***************************************************************
Test Residuals: [0.01195969 0.10714992 0.46158418 0.13777949 0.03223721 0.00238657
 0.02607973 0.43813849 0.70376609 0.03947401 0.23649248 0.19306316
 0.25457728 0.10224791 0.02234565 0.01273383 0.05243496 0.25609501
 0.05695587 0.35872047]
***************************************************************
