Selected Best Function: 4, sin(x0) + sin(x1*x1)
Train MSE: 8.848510176876248e-05
Train NMSE: 7.860646973103848e-05
Test MSE: 9.570998913634713e-05
Test NMSE: 8.601837928506123e-05
***************************************************************
Train Residuals: [1.89036830e-03 5.70495220e-03 4.15455449e-03 6.11450751e-03
 1.26329242e-02 2.03343716e-03 3.34483374e-03 6.64366706e-03
 7.13136394e-03 4.81813814e-03 1.44435601e-04 1.85217956e-02
 2.14453206e-02 2.61022712e-02 7.06773949e-03 7.40554886e-03
 8.99128096e-03 6.67427592e-03 4.81237186e-03 7.35634674e-03
 6.15302813e-03 1.62512399e-03 9.51241665e-03 7.37268788e-03
 7.60841794e-03 1.12883733e-02 8.66289655e-03 3.08921504e-03
 4.39817308e-03 4.18583878e-03 1.23600326e-02 1.44082383e-02
 6.41617616e-03 1.42230325e-03 6.13069749e-03 7.91169181e-03
 1.60158043e-02 7.93972774e-03 1.21193800e-02 2.05697616e-03
 6.29661366e-03 1.21953927e-02 7.58318760e-04 7.10390045e-04
 1.34833634e-02 1.65119179e-02 1.13552892e-05 1.31798551e-02
 2.47158491e-03 2.45934449e-03 1.94494768e-02 6.84664555e-03
 2.46159100e-03 1.85491372e-03 1.48614266e-03 9.51070534e-03
 1.05329400e-03 3.59329950e-03 2.65369706e-03 1.54925133e-02
 6.07256705e-03 6.05369678e-03 1.82388030e-02 4.69964681e-04
 2.26469399e-03 2.25398317e-03 1.58149338e-02 1.32570225e-03
 9.21927762e-03 1.85137122e-03 9.09720770e-03 4.39921504e-04
 2.43066306e-02 1.89254349e-03 2.87064273e-03 1.26244960e-02
 1.06000070e-02 2.22578060e-03 9.26905071e-03 3.65815859e-03]
***************************************************************
Test Residuals: [0.0118584  0.00435511 0.0048512  0.00310663 0.0097134  0.01356107
 0.01018129 0.00642361 0.00042203 0.0043882  0.01356182 0.00388217
 0.00594297 0.0258461  0.00705234 0.01041524 0.00626233 0.00740831
 0.0106559  0.00325922]
***************************************************************
