Selected Best Function: 4, x0*(x0*x0 + x0) + x0
Train MSE: 0.29597476051139504
Train NMSE: 4.926369808647801e-12
Test MSE: 0.2545752670019365
Test NMSE: 2.4242241150878853e-12
***************************************************************
Train Residuals: [5.01137815e-02 4.04107925e-01 3.09759804e-01 3.92006129e-01
 4.00344129e-01 5.18746515e-01 1.31131897e+00 8.28637286e-01
 2.33422319e-01 1.84867933e-02 8.55545521e-01 3.92527058e-01
 2.71297627e-01 1.87212373e-01 5.37228582e-01 7.18848650e-01
 9.11933646e-02 4.69062180e-01 5.15772153e-02 1.66924986e+00
 4.18586191e-01 5.17723574e-01 7.07490774e-01 7.38611851e-01
 5.74365572e-01 3.59109740e-01 4.90248492e-01 2.86198817e-01
 4.06183270e-01 2.52640168e-01 5.13644788e-01 9.13033243e-01
 2.76507856e-01 2.47438964e-01 8.81348621e-03 1.73495878e-01
 4.97937240e-01 9.68547206e-01 2.37199028e-01 4.79966828e-01
 2.21304269e-01 2.93932945e-01 5.82676537e-01 2.44036780e-01
 8.82774641e-01 6.59017692e-01 2.41177345e-02 2.11709814e-01
 7.94745661e-01 2.83790531e-01 6.95089035e-01 2.61993990e-01
 3.46913986e-01 9.45619122e-02 4.84411545e-02 2.86965664e-02
 4.27479176e-01 3.41377361e-01 3.89205252e-01 2.15368967e-01
 3.38715191e-01 5.14477476e-01 1.04033161e-01 3.34978512e-02
 8.73581173e-01 1.48093087e-01 4.89996673e-04 3.09175620e-02
 4.15713695e-01 1.03304422e+00 3.52223286e-02 1.10306780e+00
 1.19772624e+00 7.23825699e-01 1.51444211e-01 2.44823462e-01
 9.39483522e-02 3.37650398e-01 6.87984582e-01 5.97990389e-01]
***************************************************************
Test Residuals: [0.81976262 0.03037437 0.07204827 0.0411491  0.43494202 1.23327367
 0.0439597  0.04918623 0.52508461 0.28687482 0.11953938 0.24001472
 0.53864004 0.26692411 0.35357933 0.37184888 0.55747507 0.64738432
 0.27947063 0.91358062]
***************************************************************
