Selected Best Function: 11, -1.0000175 + sin(x0*x0)/((x0/(x0*cos(x0))))
Train MSE: 1.0406599989332658e-09
Train NMSE: 4.2173846112266475e-09
Test MSE: 1.1042464611201855e-09
Test NMSE: 4.352337949248345e-09
***************************************************************
Train Residuals: [2.72972269e-05 1.80637737e-05 4.06984816e-05 2.21261715e-05
 1.28395325e-05 1.01717948e-05 3.30529541e-06 3.28066941e-06
 2.84889786e-05 5.59023069e-05 1.84009445e-05 3.58344336e-05
 2.82538031e-05 1.18376112e-05 7.48150141e-06 1.83702679e-06
 1.13861532e-05 1.56619703e-05 3.25599174e-05 2.98028782e-05
 6.39552706e-05 6.73366100e-05 1.45767200e-05 2.11300812e-05
 1.00734135e-05 6.11025772e-05 1.73526702e-05 3.10502928e-05
 1.90499372e-05 1.70229359e-05 8.72542993e-06 4.24662787e-05
 5.24417568e-05 5.78805609e-05 5.10593358e-05 4.21867180e-05
 1.30303617e-05 6.24552064e-05 1.25668002e-05 1.19380494e-05
 2.31385758e-05 2.96021008e-05 5.43634033e-05 3.75593861e-05
 2.13649621e-05 2.53384075e-05 5.74751257e-06 2.58218791e-05
 1.12895337e-05 4.16876337e-05 2.66484472e-05 2.71044558e-05
 3.19480604e-05 5.00588935e-05 2.60229816e-05 2.96457945e-08
 3.10630002e-05 3.21881066e-05 6.27391747e-06 3.77765927e-05
 1.57796970e-05 5.69490613e-06 1.19035785e-05 6.61850309e-05
 3.10441605e-05 1.40698144e-05 6.24559690e-06 6.29992273e-06
 5.16851100e-05 3.04361881e-05 2.56085008e-05 9.73704682e-06
 3.68439421e-05 8.45120455e-06 3.07540611e-05 6.31324015e-06
 5.50554393e-05 1.25853914e-05 6.14250256e-05 2.76474343e-05]
***************************************************************
Test Residuals: [1.07049856e-05 2.74591055e-05 9.25052208e-06 1.06854177e-05
 1.53311609e-05 6.49007838e-05 2.54788556e-05 6.03674406e-05
 6.24076464e-05 1.03364006e-05 2.23418074e-05 3.43827625e-05
 2.42598532e-05 5.99384030e-06 2.79391684e-05 2.37448776e-05
 9.59638318e-06 1.92329810e-05 6.12522067e-05 2.02589091e-05]
***************************************************************
