Selected Best Function: 11, -x0 + x0 + (x0*x0 + exp(-0.022593748))*(x0 + x0*x0 + 0.022750864) + 0.38334715
Train MSE: 0.8593023662916138
Train NMSE: 1.06170765526374e-15
Test MSE: 0.6027786194796347
Test NMSE: 1.1594308143058967e-15
***************************************************************
Train Residuals: [0.52935506 1.59846897 0.2069323  0.47716978 0.05569208 0.41981228
 0.39901119 0.27819797 0.33631488 1.50848016 0.73403254 0.20843426
 0.3860805  1.22878229 1.95172423 0.71435257 0.34713175 2.31775633
 0.24054708 2.13004948 0.07515387 0.8172113  0.86556394 0.0823789
 0.54325612 0.29849012 0.56231661 0.1127447  0.94159488 0.10141093
 1.87142219 0.01142197 0.16611473 1.19100982 0.15513944 0.33578865
 0.15755502 1.16840656 0.22997626 1.0793516  0.21748389 2.09887394
 0.10794802 1.27347136 0.2574973  2.2574697  1.93367547 0.14881161
 0.29253018 0.70077819 0.17794032 0.27866631 0.11151236 0.09503966
 1.13116249 0.12531647 0.33312859 1.64783449 0.03045624 0.21224775
 0.44728348 1.63428862 1.96808362 0.0910877  0.74639405 1.90462333
 0.35398386 0.04259579 0.10618454 0.314371   1.79965927 0.1690752
 0.6522226  0.48966465 0.05970456 0.04458483 0.05949931 0.14351789
 0.40798603 0.51484975]
***************************************************************
Test Residuals: [0.27094165 0.1407835  0.68975699 0.00670384 2.07142471 1.33623047
 0.53030838 0.11496607 0.34453157 0.73211959 0.95885849 1.2477066
 0.04641917 0.09473458 0.28753741 0.08350449 0.02925226 0.11958795
 1.17630848 0.69660305]
***************************************************************
