Selected Best Function: 4, x0**(x0/(x0 + x0))
Train MSE: 0.012553776060853766
Train NMSE: 0.001928254996673758
Test MSE: 0.006069982781748572
Test NMSE: 0.0015138866900860925
***************************************************************
Train Residuals: [0.0085591  0.27022558 0.13002932 0.08395392 0.04555019 0.12581736
 0.07991652 0.09897298 0.00925674 0.1085017  0.06044683 0.09064159
 0.09779975 0.027218   0.04929274 0.03717293 0.01371092 0.0363237
 0.04959896 0.10383437 0.14876099 0.06984845 0.12874611 0.10409965
 0.13152847 0.00131199 0.02929102 0.07146837 0.05516339 0.02946426
 0.09540776 0.102251   0.10955859 0.05285167 0.2641339  0.00529229
 0.07713968 0.05757429 0.01147077 0.13723199 0.08803907 0.02009638
 0.04410333 0.15274451 0.08806917 0.14854428 0.04900658 0.12413041
 0.07866029 0.01079332 0.24995379 0.01024947 0.02905443 0.06442009
 0.15827356 0.14833941 0.0142     0.04466267 0.06032999 0.0479364
 0.14017366 0.01691136 0.27575319 0.07485756 0.12099434 0.27812995
 0.00932105 0.14072033 0.00149778 0.1701845  0.03434294 0.12739959
 0.0462091  0.03674401 0.21631503 0.0697731  0.25970884 0.0321034
 0.02779519 0.11056451]
***************************************************************
Test Residuals: [0.0720644  0.08799248 0.05128184 0.06931568 0.04182274 0.07420448
 0.10266782 0.01837333 0.10283546 0.13429508 0.05073489 0.02358647
 0.08981791 0.05935747 0.04049598 0.04141905 0.05016017 0.08526982
 0.09336376 0.13306031]
***************************************************************
