Selected Best Function: 6, (x0*x0 + x0)*(x0*x0*x0 + x0)
Train MSE: 3725.8283348215277
Train NMSE: 4.620968052834116e-16
Test MSE: 3074.6260593003435
Test NMSE: 3.2672894838667766e-16
***************************************************************
Train Residuals: [100.08822632  50.86965543  95.60222054  94.24723339   3.08922946
  30.09956727  45.12091875  11.18689151  28.9054762   55.19010413
  65.11944127  72.99972343  49.78402847  14.29519276  78.59634781
  70.31642866  70.47625041  54.69194412   1.86445184  62.86225832
  39.8705568   43.38353452  65.22128344  74.88453674  93.10677814
  69.70871234  55.77486062  22.83233893  16.09279692  55.21750522
  75.5284009    7.91483917  52.42784792  70.96353364  72.2569375
  50.19567829  17.33214202  28.45229926  61.26174176  55.67609727
  20.18936236  61.19432199  82.18895054  94.53294945  11.87823839
  45.44430926  74.27319574  97.48464584  86.05603409   1.44991488
  19.79497639  25.77997809  32.34012427  95.50973701   6.46946215
  44.50573194  81.52093601  55.93673533  24.52327443  85.56660652
  96.57777596  62.8899796   81.77929735  96.34847641  19.19727816
  46.62073794  32.59377672  93.1572876    4.9620077   28.96566598
  99.4647789   53.56471789  32.33758304  75.71649218  68.67747593
  72.6626575   27.92333016  80.53112411  86.10808754   9.86953613]
***************************************************************
Test Residuals: [14.95378415 17.29917558  7.78982663  6.17323329  7.23383481  2.13656127
 60.52144551 35.31448215 99.74283218 69.94458437 99.49794388 39.03411116
 46.22664574 52.04301852 49.06469595 58.69653475 65.89660382 83.9004221
 86.86768341  3.73880496]
***************************************************************
