Selected Best Function: 4, -(-x0 + x1) + sin(x0 + x1)
Train MSE: 0.00010016834781786813
Train NMSE: 0.00018785486873985267
Test MSE: 7.498870548145008e-05
Test NMSE: 0.0001641310953920355
***************************************************************
Train Residuals: [0.00265775 0.01505737 0.01321163 0.00020857 0.00228977 0.00596647
 0.023132   0.00812214 0.00129816 0.00978152 0.00618543 0.00782651
 0.02522326 0.00427759 0.00033594 0.01164736 0.00520718 0.01050182
 0.00111741 0.00167435 0.00851693 0.00544121 0.00231305 0.01337045
 0.00351296 0.00999849 0.01358133 0.04083717 0.01933009 0.00581726
 0.00237125 0.00196257 0.00426808 0.01494361 0.00220255 0.01088146
 0.00411459 0.00260041 0.00840043 0.00068252 0.00864079 0.00466266
 0.01302079 0.00258395 0.00387837 0.00349676 0.00287097 0.00513115
 0.01226584 0.00629298 0.00536836 0.00167689 0.00162265 0.01594485
 0.00344481 0.01153229 0.00126819 0.01071414 0.01340193 0.00932082
 0.00482636 0.00643572 0.00786705 0.00328041 0.00054645 0.014717
 0.01490092 0.01104237 0.01515336 0.00256254 0.00796372 0.0129219
 0.0040163  0.00274129 0.00779957 0.00265168 0.00497209 0.00818938
 0.00378097 0.00205459]
***************************************************************
Test Residuals: [0.00119995 0.00241127 0.01262515 0.00399006 0.01412874 0.0114395
 0.00414436 0.00142005 0.00431471 0.01248762 0.00376762 0.0027955
 0.00391861 0.00928236 0.014107   0.00027412 0.01465291 0.00323067
 0.00889183 0.01289001]
***************************************************************
