Selected Best Function: 6, sin(x0 + x0*x0) - sin(-x0 - x0 + x0)
Train MSE: 8.36168745770587e-10
Train NMSE: 9.027767924368444e-10
Test MSE: 8.12602127593875e-10
Test NMSE: 1.3893234204964608e-09
***************************************************************
Train Residuals: [2.64890656e-06 8.26511641e-06 8.05003935e-06 8.77604120e-06
 4.45074161e-05 4.56135248e-05 1.98511548e-05 1.46160228e-05
 5.99280646e-06 1.61526649e-05 1.11887672e-05 2.50884381e-05
 1.41385994e-05 1.29922183e-05 1.15756496e-05 4.93686688e-06
 2.98786614e-05 2.22038203e-05 3.91391815e-05 3.71340708e-05
 3.73271271e-05 2.10094036e-05 3.39382805e-05 4.02102120e-05
 4.25883012e-05 2.63130108e-05 1.87478422e-05 4.10885369e-07
 4.97925306e-06 4.55618563e-05 1.07953723e-06 2.73592661e-05
 2.64063415e-05 3.79435736e-05 3.05336619e-05 3.80111451e-05
 2.43671127e-05 2.79607174e-05 2.26419889e-05 3.52018685e-06
 4.00368382e-05 3.36256518e-05 2.27892750e-05 3.80756404e-05
 3.84601662e-05 1.35763045e-05 3.40704838e-05 1.04395884e-05
 4.76498422e-06 3.27427868e-05 1.37814593e-05 3.30395813e-05
 4.86215998e-05 4.27370091e-05 7.35394905e-07 2.44560004e-05
 7.39268804e-06 2.65107836e-05 1.65755067e-05 4.94621872e-05
 4.55299106e-05 3.89283979e-05 4.72171027e-05 1.59191545e-05
 2.09489448e-08 1.15878940e-05 4.43834684e-05 3.09675806e-06
 4.42049590e-05 3.48458832e-05 4.40215067e-05 3.69734009e-05
 4.97489732e-05 6.62198653e-06 1.45953493e-05 3.50770883e-05
 1.72373443e-05 1.92872900e-06 1.65779656e-05 4.39244633e-05]
***************************************************************
Test Residuals: [9.01568078e-06 3.53186552e-05 3.66446819e-05 3.81608711e-05
 5.47478803e-06 3.57261538e-05 1.57357673e-05 1.32991862e-05
 1.69179966e-05 9.52170213e-06 8.50418483e-06 2.60348142e-05
 3.55835502e-05 1.84671884e-05 2.92071814e-05 4.00396232e-05
 2.56211892e-05 4.70122324e-05 1.91645825e-06 4.82981834e-05]
***************************************************************
