Selected Best Function: 7, log(x0**3 + x0**2 + x0)
Train MSE: 0.0014662784583771317
Train NMSE: 0.00022329043885795064
Test MSE: 0.0014939427715578903
Test NMSE: 0.0004392412432928029
***************************************************************
Train Residuals: [4.13115985e-02 4.97074971e-03 1.91646591e-03 7.33231552e-03
 7.04538428e-03 2.96782876e-02 1.88146708e-02 1.98248541e-02
 1.51875427e-02 2.68479916e-02 1.46889719e-02 2.11707356e-02
 7.86413970e-03 2.55811273e-04 1.95048910e-02 1.45583504e-02
 2.28736242e-02 5.28561830e-02 6.88678824e-02 9.43561825e-02
 1.12613949e-02 3.01402722e-03 3.96657010e-02 3.17142709e-03
 5.20319964e-03 4.44191403e-02 3.36424044e-02 5.27397201e-02
 1.35922680e-02 2.50963766e-02 1.51231310e-02 8.42919906e-04
 2.28712905e-02 1.49284361e-02 1.88114045e-04 7.35836566e-03
 4.46129521e-02 1.46922097e-02 3.77393394e-02 1.71847015e-02
 5.93192317e-02 2.46116892e-05 1.79634666e-03 3.77238429e-02
 1.20710906e-02 4.53927183e-02 2.03125058e-03 3.95293006e-02
 2.07668395e-02 1.29520932e-02 3.47930865e-02 9.23409891e-04
 3.33132504e-02 2.03508142e-03 2.94879266e-02 3.95679003e-02
 3.19503286e-02 1.29827907e-02 9.86619038e-03 3.01607513e-02
 1.18576562e-02 3.10044578e-03 2.61746186e-02 7.25120617e-03
 1.80071226e-02 3.00585848e-02 2.27277599e-01 7.07066164e-03
 6.07360696e-02 1.14052529e-02 2.59692667e-03 9.56160886e-03
 4.53126933e-02 4.84422008e-02 1.58477833e-02 2.49624607e-02
 3.88911005e-02 4.60589479e-03 1.28272622e-02 1.47170100e-02]
***************************************************************
Test Residuals: [0.04551515 0.08277625 0.02433356 0.04679881 0.02644483 0.0522182
 0.0036933  0.00947969 0.06163026 0.00732783 0.01092193 0.00680249
 0.02712005 0.04506824 0.02105155 0.07092209 0.00670656 0.00129665
 0.04773831 0.00778386]
***************************************************************
