Selected Best Function: 9, x0*(x0*x0 + x0)*(x0*x0*x0 + x0)
Train MSE: 26655330.355201114
Train NMSE: 4.053788412393225e-16
Test MSE: 10278155.335234381
Test NMSE: 5.753774482168516e-16
***************************************************************
Train Residuals: [ 208.91677689 6682.64904785   56.95052355 1256.87080717 1918.44402599
 5167.49072266 2613.25998306 8199.16101074  461.66036376  629.23805773
 2477.78840828  154.1753669  6770.81811523 8892.8248291  8839.58557129
  133.73295952 6833.16949463 2220.19514656  680.35983825 4684.74179077
 1196.05899978   74.6278889  2464.61432838 7062.18591309 5640.19561768
 4323.02294922 3172.39081955  686.88183242  393.67719548 7284.33837891
 3877.22819519 7152.74835205   13.45845674 9212.75500488 1280.60963845
 5537.07443237  240.74456706 9561.63671875 5691.44158936  310.34481725
 5576.77767944 9779.91186523 4555.91899109 1105.07314968 6470.48831177
 5711.85958862 5800.537323    440.32172738 9864.27209473 4994.16848755
  455.53830472 7233.30352783 8037.32061768 5440.00735474 2703.21967697
  389.94684381   84.77315826 4468.89979553 7538.60845947 1545.46636248
 5897.17593384 5335.5411377  4110.72681427 8939.05529785 3930.90206909
   13.82746245  219.80052994 1701.2464962  9212.48657227 6285.44888306
 7905.32495117 5054.80358887 9238.26599121 3097.3291626  2688.86733246
 4893.70388794 4634.92233276 1025.85664952 7988.784729   1679.23336124]
***************************************************************
Test Residuals: [1309.01742053 1859.48113441  584.25312731 2034.265131    379.53599174
 8122.82434082 1779.57738876 2734.63209152  212.5743801  2293.03927803
 2528.46192932  269.20875579 1646.56756639 7241.67486572 4253.1635437
 3841.69186401 2495.43185425  678.11807519 2511.80445671 2525.24461746]
***************************************************************
