Selected Best Function: 4, sin(x0) + sin(x1*x1)
Train MSE: 0.0008546875536796329
Train NMSE: 0.0008798979868903352
Test MSE: 0.000901254889441781
Test NMSE: 0.0010927867776995013
***************************************************************
Train Residuals: [0.00385593 0.01519996 0.02861373 0.00780771 0.01265356 0.0454949
 0.03187992 0.02130539 0.05732284 0.00796666 0.00446605 0.01101957
 0.04487262 0.02395126 0.01542407 0.03252677 0.02909882 0.04713939
 0.01923254 0.03977137 0.01868651 0.00139865 0.01527648 0.00108571
 0.03464695 0.02518736 0.02112057 0.02388164 0.00388956 0.02367373
 0.01087425 0.01697105 0.05869187 0.00195031 0.05335321 0.00243024
 0.03616919 0.02970762 0.00473393 0.04783276 0.03261752 0.00024404
 0.01501826 0.02794621 0.06099258 0.04293712 0.00075604 0.00500401
 0.00028428 0.02621188 0.0126242  0.00308252 0.01749423 0.00634226
 0.01717505 0.00519694 0.03774244 0.02216917 0.00431797 0.06758395
 0.02732365 0.03177227 0.0618458  0.00163581 0.01610704 0.02305614
 0.01613906 0.03048491 0.03517723 0.01412246 0.01318282 0.01553307
 0.05804349 0.00037727 0.03360265 0.01942999 0.05069956 0.04053064
 0.00701667 0.04114629]
***************************************************************
Test Residuals: [0.05393488 0.00039702 0.00524393 0.01029294 0.02573245 0.02408327
 0.04741888 0.0422298  0.04103973 0.00808477 0.01380512 0.00570329
 0.02725351 0.00478839 0.03292723 0.00548978 0.04090654 0.02838445
 0.00384361 0.05798197]
***************************************************************
