Selected Best Function: 6, (x0*x0 + x0)*(x0*x0*x0 + x0)
Train MSE: 3195.412119939588
Train NMSE: 5.323363144850031e-16
Test MSE: 3176.121274549924
Test NMSE: 1.6627980986041945e-15
***************************************************************
Train Residuals: [20.67435452 60.40290022 79.30092239  4.91125379 22.05193985 13.04749868
 21.90331373 83.14606524  3.24663912 91.21684361 90.55491829 43.66855398
 10.17196382 53.37342399  2.07180784 79.70707941 34.48102353 93.39881325
 30.90854482 23.98892662 89.21738529 77.77477789 64.93088412  8.73201039
  1.79193732 35.29477142 82.55317307 71.23295784 67.96488547 70.27566218
 87.51192093 21.40100031 51.16802222 27.10876983 81.6689887   2.35250791
 38.42450613 17.96724989 32.42589337  5.05669508 24.55585447 13.31499916
 94.37277889  9.98233765 18.37796799 88.12086105 44.3383635  82.16940069
 88.29994965  6.49935612 72.50500631 18.11234462 98.73322105 73.23826575
  1.20394849 69.50270009 61.48975253 73.85055208 60.04413474 13.10421208
 70.05295277 40.66023721 82.52020502 89.38048935  2.31845972  8.56158574
 60.86619568 70.38620114 99.87384987  9.36660345 88.85077477 25.49845753
 57.20014262 31.7938899  32.34761479 20.96997978 15.32121371 15.2402401
 49.48430455 74.90201092]
***************************************************************
Test Residuals: [70.20170093 15.73092425 47.17283177 75.7258215  70.5049355  34.69236069
 49.37100625 56.09298527 43.18977347 84.41482925 76.69073677 81.94952011
 41.94012944 39.18828298 18.26145951 75.80003977 75.3906579  31.63933694
 27.71216808 14.61453144]
***************************************************************
