Selected Best Function: 8, x0**6.11112357101306/log(log(x0) + 0.607739)
Train MSE: 2102187830091551.2
Train NMSE: 4.8263960972541116e-08
Test MSE: 2427480394128718.5
Test NMSE: 1.1564647861062891e-07
***************************************************************
Train Residuals: [6.01142008e+07 3.57301289e+07 2.13755377e+07 2.61516461e+07
 5.19455716e+07 4.73795923e+07 1.39497315e+06 3.36513411e+07
 4.82413498e+07 9.70194774e+07 5.94741387e+07 2.92290767e+05
 5.83481432e+07 8.26990127e+04 4.84726543e+07 5.12529597e+07
 6.97542896e+05 4.39188784e+07 5.25387074e+07 5.87126178e+07
 1.60919144e+07 9.99640182e+06 5.92965434e+07 1.27258402e+07
 5.16618420e+06 5.56892837e+07 2.32933451e+03 2.74054750e+07
 2.58899242e+07 5.88171372e+07 1.00457697e+07 6.01512667e+07
 2.12982947e+06 5.77020973e+07 5.83350934e+05 6.77742524e+06
 1.31757177e+04 5.62154866e+07 5.81940053e+06 3.91857971e+05
 5.71339776e+07 9.75166121e+07 4.67516538e+07 5.81781286e+07
 1.35061235e+07 5.34564207e+07 3.06820084e+07 4.84324835e+07
 6.67529365e+06 9.90815672e+07 3.16873655e+07 7.54018586e+05
 2.50688582e+07 9.26076404e+07 7.81634101e+07 5.69671434e+07
 5.59265696e+07 5.79989599e+07 2.71614397e+05 5.42303186e+07
 1.01627467e+08 3.61637770e+05 8.36566681e+02 2.71202488e+05
 2.58131773e+05 2.45820211e+05 5.39733954e+07 9.46214156e+07
 2.22390765e+07 3.94465527e+07 2.85714949e+07 2.97091747e+06
 2.78276165e+04 6.91517033e+06 3.60607490e+07 8.70324377e+07
 6.63608033e+07 2.82290083e+02 1.94371089e+06 1.10906582e+06]
***************************************************************
Test Residuals: [8.77393590e+05 1.19755356e+07 9.16564726e+07 3.64938634e+06
 4.54621264e+06 6.96704372e+07 8.11463956e+07 7.50059440e+07
 5.08819513e+05 1.06684284e+07 1.54419062e+07 7.84984585e+05
 1.72322184e+06 9.75183637e+07 6.02772393e+07 1.39415931e+02
 5.73562941e+07 4.54283687e+07 3.91397064e+07 5.02119865e+07]
***************************************************************
