Selected Best Function: 3, sin(x1 + x1)
Train MSE: 0.25818321688494517
Train NMSE: 0.3377526991677736
Test MSE: 0.3235062530674004
Test NMSE: 0.5188267634176934
***************************************************************
Train Residuals: [0.2149169  1.21339535 0.01591735 0.36408239 0.25352444 0.22162881
 0.10577508 0.00630648 0.66248842 0.20710862 0.15169085 0.44141883
 0.9198075  0.08805511 0.35718953 0.83186543 0.2146164  0.11406411
 0.1196066  0.96098038 0.72693126 0.48846655 0.09795104 0.1689666
 0.54283755 0.15783422 0.25603697 0.04466417 0.50135917 0.42451372
 0.43330354 0.73938771 0.4581694  1.42732995 0.41346666 0.19601191
 0.6128119  0.00274281 0.23079076 1.28934604 0.26924835 0.23654345
 0.20342075 1.08618233 0.14645028 0.59474052 0.23095697 0.64315076
 0.18474095 0.78658062 0.24037153 0.03166853 0.31253388 0.32175665
 0.3595317  0.45954631 0.15025895 0.41715222 0.17347247 0.39110904
 0.24620183 1.0107624  0.02536245 0.8686176  0.36667176 0.11623405
 0.32149269 0.19488256 0.2154582  0.22775462 0.83561088 0.43875679
 0.83426846 0.03602573 0.38782775 0.6504752  0.0672967  0.425737
 0.23407024 0.38842685]
***************************************************************
Test Residuals: [0.57396646 0.05346762 0.06809399 0.3708194  1.00516896 0.90565995
 0.06498132 0.13318715 0.32824913 0.2987321  0.31356128 0.37681565
 0.34308626 0.70168925 0.85320582 0.46099063 0.93277206 0.62446084
 0.34763736 0.88001399]
***************************************************************
