Selected Best Function: 6, sin(x0 - x1) + sin(x0 + x1)
Train MSE: 0.012127105115467532
Train NMSE: 0.012512164588833431
Test MSE: 0.012555398800019069
Test NMSE: 0.01216529524557808
***************************************************************
Train Residuals: [0.02153902 0.08691593 0.2107341  0.16499228 0.05085098 0.06051245
 0.02698004 0.1513626  0.0082698  0.0776824  0.13760192 0.08885678
 0.20252834 0.07837727 0.04249477 0.05640703 0.05845873 0.12040623
 0.20296732 0.01047998 0.10310318 0.01226901 0.20856917 0.15246558
 0.02684147 0.14444094 0.01057469 0.06002647 0.15708056 0.05455059
 0.15199103 0.00926337 0.05354522 0.00909456 0.19149509 0.02805453
 0.04816733 0.10164852 0.07577726 0.08611737 0.16043621 0.08033939
 0.03587965 0.04522431 0.12688878 0.08076592 0.03774429 0.03490885
 0.05398665 0.08167372 0.10394553 0.0666073  0.13131274 0.05473711
 0.05378341 0.02978706 0.04809997 0.02132379 0.01469327 0.21449045
 0.05300499 0.01757365 0.09222722 0.07978307 0.03952574 0.24693933
 0.06352706 0.03680295 0.05289248 0.09154076 0.07135625 0.11981174
 0.07592384 0.16601002 0.06029142 0.14956195 0.05422563 0.32089108
 0.1171841  0.20567811]
***************************************************************
Test Residuals: [0.05181171 0.02384041 0.14049141 0.19081602 0.12325636 0.0483063
 0.11293196 0.11089588 0.06204489 0.18602378 0.09144847 0.05971259
 0.02476464 0.13323105 0.14421775 0.0083904  0.04265865 0.00793357
 0.24006197 0.00108606]
***************************************************************
