Selected Best Function: 7, (x0*x0 + x0)*(x0*x0*x0 + x0)
Train MSE: 3498.8381616825645
Train NMSE: 4.391990762132821e-16
Test MSE: 2185.0803815187382
Test NMSE: 3.6027636854449687e-16
***************************************************************
Train Residuals: [ 9.84088332 95.98713303 56.15354967 62.28718448 83.16138601 54.72998911
  5.52321592  6.77267319 49.46260828 70.16500092 47.78324324 38.39826052
 19.5158872  17.68108896 31.87392545 93.56710529 78.8456192  94.32089806
 47.42878878 96.65444946 35.95197517 91.08380413  3.3258509  99.75830078
 74.68652201 38.1414399  30.09744934 23.39229606 78.42485476  2.54213058
 49.763372   68.79481268 93.13966942 70.29158449 88.12993717 90.05014706
 73.3182981  29.36662892 98.52090645 45.86289561 62.7089088   1.36535312
 46.74194226 78.78944063  8.67011043 36.89317928 35.2885107  30.01754878
 34.65104162 58.92197454 42.94959831 87.7396822  15.04570632 26.97877866
 46.81424898 26.93068377 45.40012106 46.17496151 58.72936428 53.79181993
 54.47390741 82.27032661 73.42861509 99.5013485  35.83237801 51.88285607
 33.65086573 31.9153354  32.37273838 66.17439938 14.22601638 67.18100405
  3.27259678 91.89841843 76.23654413 93.27159691 26.28835108  4.22138762
 81.48066807 13.84779195]
***************************************************************
Test Residuals: [19.36423976  7.70926206 19.40804554 58.01457191 57.74483359 25.70773486
 31.17307222 77.91431475 91.65592098 46.27482134 10.46332685  8.99956368
  4.94597133 68.01827288 25.70041014 14.27751414 33.46965708 98.98792076
 36.31249958  1.30886885]
***************************************************************
