Selected Best Function: 5, sin(x0) + sin(x0 + x0*x0)
Train MSE: 0.009318871624642075
Train NMSE: 0.008246622323592676
Test MSE: 0.012845425427463022
Test NMSE: 0.012714095897708817
***************************************************************
Train Residuals: [0.08350493 0.01826053 0.08091897 0.01458599 0.18661246 0.08197663
 0.00254567 0.02170583 0.05471562 0.00889468 0.06631341 0.00431036
 0.15394164 0.15536508 0.00230904 0.07156146 0.0722276  0.03563836
 0.12538303 0.16859296 0.07176225 0.09219014 0.03792943 0.19138059
 0.16673508 0.00662372 0.05624932 0.0404039  0.0704306  0.00835246
 0.03893128 0.04530533 0.1696342  0.01645891 0.06194512 0.03878168
 0.12330412 0.00797766 0.0427056  0.11553633 0.06828258 0.0053255
 0.01095595 0.08239273 0.0487416  0.13676097 0.0770491  0.07326463
 0.12075462 0.05761941 0.1506753  0.02497889 0.07070969 0.02982831
 0.04408116 0.06337755 0.36157468 0.07807976 0.12239448 0.04302935
 0.09129929 0.10656716 0.00116876 0.12533824 0.05679949 0.05876716
 0.15628464 0.05082429 0.14304448 0.02090611 0.09939082 0.10615055
 0.0666781  0.13552255 0.02246167 0.1049317  0.04777881 0.11673645
 0.05818701 0.07120977]
***************************************************************
Test Residuals: [0.11068725 0.00538368 0.15358785 0.09785774 0.14792284 0.01921538
 0.10505824 0.1700411  0.01290315 0.04399869 0.04055938 0.11078396
 0.2375492  0.07883756 0.0278685  0.05223927 0.1070102  0.1845369
 0.1164428  0.08958686]
***************************************************************
