Selected Best Function: 4, sin(x0) + sin(x0*x0 + x0)
Train MSE: 0.22458096421360815
Train NMSE: 0.15923480520401426
Test MSE: 0.22890360683141325
Test NMSE: 0.26371282114204175
***************************************************************
Train Residuals: [0.94939491 0.10895562 0.61463927 0.77302213 0.68574565 0.33562447
 0.35932553 0.31084697 0.24933247 0.70899789 0.28909613 0.36450967
 0.20276998 0.19372677 0.46937014 0.34506676 0.28480789 0.32904343
 0.82240857 0.45104882 0.15968344 0.62721912 0.46882893 0.07851404
 0.44023702 0.57482575 0.40736307 0.63833802 0.01141845 0.17105749
 1.10640795 0.22851029 0.07111636 0.58981236 0.62125937 0.46328668
 0.63573513 0.47054024 0.20625553 0.52594342 0.1528125  0.15944389
 0.66015133 0.25300616 0.28839452 0.90170841 0.15202635 0.47049234
 0.64034793 0.60386772 0.26488212 0.06243092 0.100324   0.03742798
 0.37272026 0.15134376 0.39485715 0.58971704 0.30101123 0.29122535
 0.50473235 0.03136693 0.42717564 0.79905882 0.46986882 0.06155022
 0.39604881 0.5315805  0.303044   0.3557833  0.13690368 0.19917863
 0.20865622 0.54694693 0.35684203 0.10964826 1.1709821  0.3557955
 0.64344264 0.50238752]
***************************************************************
Test Residuals: [0.6114638  0.60096285 0.18725252 0.53523275 0.17853312 0.38240886
 0.19739639 0.66378076 0.59099298 0.85885611 0.1298037  0.86988634
 0.10684964 0.10981346 0.2003036  0.28253812 0.50508582 0.29469395
 0.65640687 0.29512747]
***************************************************************
