Selected Best Function: 5, sin(x0) + sin(x0 + x0*x0)
Train MSE: 0.057405969445238195
Train NMSE: 0.06038071091474849
Test MSE: 0.04206338919493556
Test NMSE: 0.059454995097721536
***************************************************************
Train Residuals: [3.32848161e-01 4.34152737e-01 2.44119482e-01 3.59991271e-01
 9.65237026e-02 1.25031148e-01 2.46923859e-01 2.85571745e-01
 2.42741701e-01 4.86398979e-01 1.33242737e-03 3.34473367e-01
 4.18233074e-02 1.84402873e-01 1.21243540e-01 3.25920812e-01
 1.68997231e-01 9.48604311e-02 2.41687734e-01 2.05473210e-01
 1.95319659e-01 2.62919454e-01 2.65620950e-01 9.11793440e-02
 6.97716080e-02 2.31178676e-01 2.81394999e-01 2.05303834e-01
 2.09364378e-01 4.76186545e-01 3.55510729e-01 2.76908929e-02
 2.85703998e-01 3.34270334e-01 1.51522742e-03 1.59228072e-01
 3.04261776e-01 1.42059343e-01 3.55867810e-02 5.62343472e-01
 1.27338351e-01 1.80349315e-01 4.03247969e-01 1.17196771e-01
 3.38358070e-02 1.47852437e-02 6.53703753e-02 9.50758449e-02
 1.68975720e-01 1.67066094e-01 2.93652714e-01 3.56771563e-01
 1.12497923e-01 3.56267304e-02 2.11713202e-01 2.22918509e-02
 1.77405310e-01 2.09715127e-01 2.49344987e-01 1.42464364e-01
 2.39624668e-01 1.35236095e-01 7.18295822e-02 1.55651516e-02
 2.44386646e-01 4.17595292e-01 2.85411936e-01 5.61862381e-04
 4.49418173e-02 2.98091854e-01 3.91124693e-01 1.40701712e-01
 3.23327883e-01 1.11416098e-01 1.77316865e-01 1.37435856e-03
 3.32230573e-01 1.67426820e-01 1.90889600e-01 3.33612522e-01]
***************************************************************
Test Residuals: [0.31849989 0.00536061 0.40109467 0.23917228 0.1297112  0.05505926
 0.0691291  0.04003858 0.01517565 0.32568037 0.01972181 0.12075825
 0.13038703 0.06612318 0.0186777  0.3412347  0.04492402 0.19384115
 0.38229209 0.2242895 ]
***************************************************************
