Selected Best Function: 4, sin(x0) + sin(x0 + x0*x0)
Train MSE: 7.974799552064593e-05
Train NMSE: 7.540373754966843e-05
Test MSE: 6.47224852140599e-05
Test NMSE: 5.926507506079599e-05
***************************************************************
Train Residuals: [0.00987316 0.00100613 0.00041762 0.00708486 0.00549697 0.002981
 0.00514555 0.00658466 0.00323772 0.01161768 0.01311761 0.00728527
 0.00614986 0.00237268 0.00429114 0.00529896 0.00103971 0.01359026
 0.01165474 0.01314094 0.01272168 0.00322084 0.00492446 0.00192209
 0.00293273 0.00672716 0.00206824 0.01494052 0.00928883 0.00093379
 0.00554856 0.01796028 0.00177772 0.00862565 0.00766462 0.00486743
 0.01271328 0.00346325 0.008498   0.0060887  0.00693953 0.00658088
 0.00792523 0.00966316 0.01649297 0.0087495  0.00211058 0.00593902
 0.0169877  0.00772392 0.00558872 0.0015584  0.0146265  0.02049202
 0.02763462 0.00174639 0.00661301 0.00762127 0.00304016 0.01292667
 0.00822243 0.00032398 0.00858537 0.01572279 0.00114547 0.00252748
 0.00362164 0.00464001 0.00596101 0.01236654 0.00124707 0.00390351
 0.00155704 0.00459053 0.00618717 0.00459933 0.00342586 0.00106786
 0.01732725 0.00856768]
***************************************************************
Test Residuals: [0.00076302 0.00727935 0.01397968 0.00429121 0.00179353 0.00496674
 0.00994695 0.00413746 0.00158144 0.00011071 0.01024135 0.01298183
 0.00032595 0.00967148 0.00925197 0.00929603 0.00895315 0.00095026
 0.00873986 0.01356669]
***************************************************************
