Selected Best Function: 4, sin(x0) + sin(x0*x0 + x0)
Train MSE: 0.0005697852560799333
Train NMSE: 0.0005384721036526504
Test MSE: 0.0009843918766857282
Test NMSE: 0.0009006967111545905
***************************************************************
Train Residuals: [0.02988946 0.01042494 0.01738463 0.00222686 0.01809279 0.00276314
 0.04550876 0.01947807 0.01247525 0.0035026  0.0031268  0.04474931
 0.01588565 0.00188844 0.01040778 0.02656991 0.00364145 0.01729554
 0.04914454 0.00098986 0.01719586 0.01607665 0.0105207  0.00696145
 0.0085749  0.00051188 0.02731075 0.01220481 0.019653   0.00879383
 0.04067876 0.02607051 0.0185335  0.02415337 0.02103028 0.04611346
 0.0134143  0.00399372 0.02759961 0.01358926 0.01372782 0.02702788
 0.03514504 0.01650855 0.00359196 0.00536542 0.01480666 0.01111853
 0.01449674 0.00621821 0.00982682 0.01123168 0.00929792 0.02085276
 0.0282576  0.01968974 0.06230105 0.02351635 0.00891326 0.01170605
 0.0016039  0.0266131  0.01846627 0.0323877  0.0301286  0.00453705
 0.01372883 0.00055506 0.05323965 0.02353149 0.01753629 0.00301417
 0.06028898 0.00476345 0.0049354  0.02221447 0.03537676 0.04174846
 0.04886941 0.01641884]
***************************************************************
Test Residuals: [0.04917397 0.02328301 0.04595429 0.01129674 0.02726085 0.0070775
 0.01822834 0.01843706 0.01020126 0.0473399  0.01786661 0.02916648
 0.06322291 0.04719514 0.01339785 0.01737628 0.02975392 0.03108249
 0.01519298 0.02682487]
***************************************************************
