Selected Best Function: 9, (x0*x0 + x0)*(x0*x0 + x0/x0) + cos(x0)
Train MSE: 0.466022150853442
Train NMSE: 6.42323351907689e-16
Test MSE: 0.5030325550674443
Test NMSE: 4.869967159092557e-16
***************************************************************
Train Residuals: [0.1854585  0.9773185  0.90078275 0.12691825 0.1230799  0.34367991
 0.52464047 0.22149779 0.50419839 0.57921435 0.62613323 0.5344938
 0.99300326 0.39877265 0.58593294 0.80516707 0.19937854 0.51055626
 0.92760872 0.915752   0.27828259 0.73359747 0.50639259 0.94612215
 0.44508931 0.84892808 0.89665231 0.21302508 0.58227033 0.48894934
 0.59658809 1.02983537 0.5861298  0.02299134 0.6621938  0.99628106
 0.62940537 0.94107517 0.06016963 0.93227258 0.77722298 0.72550965
 1.0296491  0.83885278 0.42711233 0.05855476 0.86498751 0.070425
 0.91279674 0.72532297 0.90361431 0.79646838 0.57108668 0.32699724
 0.33459955 0.80260596 0.60743783 0.06638491 0.35520842 0.41252816
 0.78897404 1.01572964 0.59674651 0.72203402 0.98048825 0.0850711
 0.23261995 0.87670548 0.05471132 0.97561274 0.65265927 1.00617225
 0.84453288 0.31046866 0.74330841 0.93869506 0.8722453  0.82161164
 0.95239468 0.58241954]
***************************************************************
Test Residuals: [0.19730462 0.92522736 0.49443993 0.72818038 0.74364306 0.57969058
 0.64336172 0.78854362 0.51776291 1.05379443 0.93557325 0.68097499
 0.42400722 0.04758975 0.93761239 0.47352878 0.56638647 1.03514554
 0.72880421 0.73467205]
***************************************************************
