Selected Best Function: 3, log(x0**3)
Train MSE: 0.06604290548201475
Train NMSE: 0.006586501281692251
Test MSE: 0.07797155090052056
Test NMSE: 0.018029425555668575
***************************************************************
Train Residuals: [0.01394198 0.217995   0.60707561 0.17555644 0.50455358 0.45656478
 0.2083499  0.24935435 0.00892074 0.08912669 0.24627032 0.00978022
 0.34472553 0.12739759 0.03322649 0.08573548 0.11956298 0.12052432
 0.48769858 0.00597017 0.27087776 0.74266296 0.28123925 0.21168208
 0.02728445 0.21828701 0.41516722 0.00258662 0.06001246 0.12776749
 0.0138863  0.47220122 0.02228563 0.08897113 0.00673181 0.19861849
 0.42355209 0.15475544 0.01041093 0.01085168 0.42287235 0.12924938
 0.06455258 0.23839994 0.02190142 0.24438953 0.20486429 0.23502552
 0.46022837 0.05946535 0.27649015 0.08764438 0.02962569 0.52094947
 0.19311817 0.25364854 0.17626373 0.00182015 0.32823949 0.13569033
 0.14571924 0.15366053 0.27326327 0.10301429 0.2622866  0.09950806
 0.02317357 0.26420408 0.07224539 0.11604262 0.5552189  0.04757743
 0.28933782 0.08024533 0.11290002 0.54470105 0.00446732 0.09862793
 0.17456874 0.17843128]
***************************************************************
Test Residuals: [0.03103968 0.20627287 0.21815617 0.01713176 0.27114577 0.43880539
 0.12403974 0.45482047 0.3189047  0.1307443  0.28230287 0.03983998
 0.32564133 0.53410595 0.14863014 0.15002423 0.3213309  0.28722612
 0.34724013 0.19339491]
***************************************************************
