Selected Best Function: 6, (x0*x0 + x0)*(x0*x0*x0 + x0)
Train MSE: 3860.9468371891694
Train NMSE: 4.842099753818181e-16
Test MSE: 4783.298729632863
Test NMSE: 4.558482638509164e-16
***************************************************************
Train Residuals: [95.63090992  1.02060716 84.18439865 53.12980086 93.95654869 23.41281139
 82.96130371 23.69008536 64.84394002 90.87300301 95.04738235 55.47072107
 78.78318214 18.32136573 45.71064848 60.25535941 71.94024634 36.08350462
 99.48293114 59.3192234  91.50056076 96.30718422 68.59124589  3.27845053
 35.77978008 59.14418316 60.37308383  8.27365199 33.53666496 66.72838902
 32.65031571 64.2382555  65.01903725 79.00547647 63.32728159 99.61515617
 60.3168987  38.76982592 50.03594452 34.24014809 92.02191544 45.50452861
 64.92130136 51.57673103 11.68099187 48.8749581  48.18295449 81.93202543
 34.14008614  1.44104715 82.76032257 29.13027836 39.55581273 21.67329952
 79.64806128 48.41649544 90.42076778 50.34570628 79.11756659 21.92261384
 69.87605929 14.70539691 68.58714461 41.44858496 42.14414711 32.90734845
  7.00565353 39.40432651 46.60506943 14.34467369 50.00789547 89.81812954
 67.23225522 23.72875802 94.99754906 92.04070091 74.87702274 51.38563585
 78.58041954 97.39127541]
***************************************************************
Test Residuals: [67.36911964 12.62759494 96.83117867 38.24441566 76.01312876 97.64978981
 87.79146767 72.6391077  84.29029465 51.59473574 74.00171423 91.10196304
 55.53382301 21.36993856 27.00263638 98.940485   89.57558441 19.85992342
 70.13592362 29.87918043]
***************************************************************
