Selected Best Function: 8, x0*(x0*x0 + x0)*(x0*x0*x0 + x0)
Train MSE: 24898403.656878896
Train NMSE: 3.068078334574373e-16
Test MSE: 14005729.598589215
Test NMSE: 6.223644275250614e-16
***************************************************************
Train Residuals: [7.46995361e+03 3.14894880e+02 5.12955347e+03 2.02094868e+03
 6.18707919e+03 3.77136934e+03 1.44707157e+02 1.22515885e+03
 2.31535274e+02 2.11967496e+02 7.15132227e+03 4.16730722e+03
 6.77069250e+03 4.91341707e+03 1.84347034e+03 8.69125220e+03
 7.86582916e+03 2.12024676e+03 6.39375696e+03 2.76059549e+03
 1.45513448e+03 7.96926373e+03 6.81092191e+01 9.83124490e+00
 9.98166455e+03 7.51140833e+03 5.89639268e+01 2.94412766e+03
 3.69009558e+03 3.46038750e+03 8.36586164e+02 6.15159539e+02
 9.71275354e+03 9.77029666e+02 2.09608313e+03 1.46706973e+01
 4.24093889e+02 1.75200726e+01 2.60794443e+03 5.00347198e+02
 4.78986232e+03 8.98068450e+00 3.62431318e+02 9.06647632e+03
 5.47653043e+03 2.52730349e+03 1.83056402e+02 4.54505463e+02
 6.79397212e+01 6.59532050e+03 1.75431820e+03 3.97309617e+03
 8.50744922e+03 1.00575669e+04 2.64859868e+02 2.27306982e+03
 8.40412842e+03 2.29515365e+01 2.35382501e+02 1.04428450e+03
 6.00986459e+03 1.63663795e+02 8.18609479e+03 4.83659727e+03
 9.27515027e+03 4.00919227e+02 8.54451379e+03 3.91190888e+03
 2.28289348e+03 5.55859650e+03 9.90156458e+03 4.51251549e+03
 3.15922355e+03 1.63342216e+03 1.11419044e+03 8.91890710e+03
 5.25542719e+03 9.70233423e+03 1.96187149e+03 5.07955203e+03]
***************************************************************
Test Residuals: [4.25069814e+03 8.62142334e+03 2.44956949e+00 2.44927246e+03
 1.24396229e+01 1.74108007e+03 3.28854117e+03 1.39722607e+03
 4.94740797e+03 7.84396187e+02 3.35391872e+02 6.74716608e+03
 2.65353247e+03 1.81383558e+03 1.84956580e+03 5.24295282e+03
 2.04605222e+03 6.25091357e+03 3.21893203e+03 5.73324262e+02]
***************************************************************
