Selected Best Function: 4, x0*(x0*x0 + x0) + x0
Train MSE: 0.0467185363873331
Train NMSE: 5.352675762093951e-13
Test MSE: 0.05176864852089634
Test NMSE: 5.085705022732705e-13
***************************************************************
Train Residuals: [0.43386243 0.52003987 0.15171747 0.31223666 0.06630173 0.48888024
 0.10271017 0.04230195 0.02448299 0.15278962 0.16025886 0.01326686
 0.03176067 0.00403108 0.24434518 0.29072312 0.1072336  0.06583117
 0.00207409 0.09618609 0.20274865 0.08769317 0.11901539 0.2921755
 0.08438069 0.17147073 0.42597965 0.15078867 0.16496775 0.07296101
 0.16046686 0.16940159 0.19130857 0.08701261 0.08277678 0.2908025
 0.3463321  0.1421778  0.14717807 0.04178074 0.24234246 0.13894496
 0.1085739  0.19346661 0.14587663 0.33849818 0.20101493 0.19353639
 0.28548496 0.09805159 0.05995545 0.06165712 0.12576878 0.14078311
 0.16636207 0.30865048 0.31176668 0.01382036 0.14713821 0.38240959
 0.12905381 0.08571624 0.15093735 0.10038552 0.2794218  0.03323529
 0.56452362 0.23667049 0.03781924 0.01782745 0.16311176 0.41239131
 0.05472609 0.34038301 0.26241538 0.02904981 0.04681191 0.07163532
 0.3331431  0.16689062]
***************************************************************
Test Residuals: [0.1078656  0.30298992 0.47354346 0.25108455 0.10132206 0.29082678
 0.2083769  0.26920422 0.04464862 0.02380342 0.3082807  0.08140761
 0.40688818 0.00502601 0.17138525 0.10061707 0.16805984 0.27290785
 0.00900313 0.14765469]
***************************************************************
