Selected Best Function: 4, x0*(x0*x0 + x0) + x0
Train MSE: 0.00010639448082273408
Train NMSE: 1.231455308127113e-15
Test MSE: 6.548538755552673e-05
Test NMSE: 4.874384927110999e-15
***************************************************************
Train Residuals: [1.24919051e-02 1.58650643e-02 5.89868991e-03 8.56718262e-03
 7.28144058e-03 2.21661783e-02 3.26245604e-03 2.64420712e-03
 1.02232683e-03 1.33700536e-02 1.30986687e-02 4.46985478e-03
 6.08444971e-04 8.13599401e-03 1.37565245e-02 1.08969752e-02
 7.32662329e-03 1.58352223e-02 1.65334294e-02 1.56996384e-02
 1.43450694e-03 2.57624575e-02 2.73461745e-03 3.84009862e-03
 1.71554531e-03 1.13382961e-02 4.41549055e-03 1.18689102e-02
 4.65320004e-03 8.08031867e-03 7.55071917e-03 1.01911511e-02
 1.36053766e-02 9.12305340e-03 1.39830128e-02 3.82797305e-03
 4.36882733e-03 4.22790617e-03 6.47335809e-03 4.41999768e-03
 4.09574291e-03 1.84944841e-02 1.46431243e-03 2.82454364e-03
 4.37767468e-03 7.39272346e-03 1.65567807e-02 1.71775809e-02
 1.83457138e-02 5.21645539e-03 3.64892226e-03 5.26291225e-03
 6.95160474e-04 1.08140661e-02 3.49157752e-03 1.01856724e-02
 8.16579594e-03 2.27465011e-02 9.97053224e-03 9.10903103e-03
 2.03525601e-03 1.06971988e-02 1.03496318e-02 8.75788339e-03
 7.05930284e-03 1.26857179e-02 5.31062662e-03 5.46393148e-03
 8.11409316e-03 1.37279163e-02 1.65472552e-02 1.15379302e-02
 5.54065453e-03 1.25107414e-03 6.74662890e-03 1.18319181e-02
 1.27155033e-02 1.39397127e-03 5.33300719e-03 3.23715358e-05]
***************************************************************
Test Residuals: [0.00616394 0.00898658 0.00797267 0.00646457 0.00701949 0.00861646
 0.00451827 0.00125706 0.00747765 0.00585378 0.00989792 0.00871988
 0.01007678 0.00481327 0.00533918 0.01436337 0.00064491 0.00054945
 0.01462844 0.01008319]
***************************************************************
