Selected Best Function: 3, log(x0**3)
Train MSE: 0.07884183759403371
Train NMSE: 0.011535276839481565
Test MSE: 0.03468423927926453
Test NMSE: 0.01005525905268826
***************************************************************
Train Residuals: [0.23200906 0.09672029 0.65338245 0.42995049 0.24418849 0.26109267
 0.01050529 0.03111068 0.23122266 0.20389283 0.20604359 0.38503497
 0.13706489 0.05731602 0.00833993 0.45815065 0.17655439 0.03512987
 0.15300851 0.28630066 0.28656219 0.19517848 0.07729131 0.01977732
 0.01045155 0.08426709 0.0492737  0.03648605 0.04786276 0.0850708
 0.30453798 0.11482971 0.05211415 0.10247586 0.3999709  0.21435954
 0.26149499 0.4499788  0.24123261 0.35098621 0.11046672 0.31268163
 0.10228435 0.29520856 0.20769845 0.19671797 0.20464701 0.1770855
 0.39264111 0.23853182 0.13361687 0.3122488  0.22512151 0.22570704
 0.19145748 0.13282562 0.01255922 0.03622317 0.31169351 0.16936302
 0.15525568 0.07593291 0.27122149 0.19027551 0.10201163 0.03149722
 1.51226512 0.01999226 0.03341383 0.29054403 0.1043574  0.1539295
 0.30003766 0.04177407 0.12162401 0.03468119 0.06705294 0.46976211
 0.05753064 0.23772126]
***************************************************************
Test Residuals: [0.334625   0.04241034 0.03944332 0.21274533 0.00953599 0.21965941
 0.08162938 0.01314353 0.12689801 0.02588677 0.05195604 0.27158833
 0.15551282 0.02024353 0.10471044 0.1797096  0.22241364 0.44508753
 0.17921168 0.1927286 ]
***************************************************************
