Selected Best Function: 9, sin(x0*x0)*cos(x0) - x0/x0
Train MSE: 0.06930776866411284
Train NMSE: 0.20591877884066564
Test MSE: 0.07032476293602029
Test NMSE: 0.20247431365863935
***************************************************************
Train Residuals: [0.10545866 0.11936809 0.02485168 0.0049063  0.00087073 0.24874991
 0.31158927 0.32021133 0.11335656 0.33049673 0.0105539  0.04874097
 0.00347848 0.09735167 0.07063355 0.66047659 0.10041031 0.29917468
 0.28422374 0.04582083 0.04222974 0.25168848 0.29918371 0.03123869
 0.12416623 0.35143647 0.1631579  0.28213538 0.04291127 0.11494534
 0.0552701  0.28216125 0.30028218 0.6166396  0.03515511 0.24927844
 0.03317144 0.24417521 0.03254553 0.11651011 0.1792532  0.47009687
 0.10814803 0.56053318 0.25878032 0.00973978 0.09351281 0.4358167
 0.05036312 0.31747931 0.29619889 0.14529371 0.44488097 0.04192053
 0.20390417 0.15984327 0.16737733 0.03078498 0.41000931 0.31517332
 0.3131541  0.7529052  0.21474104 0.13476611 0.10421395 0.28922471
 0.32428936 0.1418308  0.28119319 0.45081045 0.16560078 0.19428983
 0.00749489 0.02398197 0.33796886 0.20267994 0.30950248 0.43653909
 0.16222052 0.0807242 ]
***************************************************************
Test Residuals: [0.30037696 0.06827926 0.154723   0.25199002 0.18841488 0.06138473
 0.13925703 0.38068041 0.44557651 0.16409925 0.00837756 0.0998833
 0.28701262 0.16555637 0.13162406 0.4766336  0.01892889 0.35606454
 0.30898081 0.4562647 ]
***************************************************************
