Selected Best Function: 8, (x0*x0 + x0)*(x0*x0 + cos(-x0 + x0))
Train MSE: 0.0001246547012983735
Train NMSE: 1.846848340481628e-19
Test MSE: 0.00012910511095183392
Test NMSE: 3.1883187826692206e-19
***************************************************************
Train Residuals: [8.58055800e-03 8.38787109e-03 1.17640826e-02 1.54934117e-02
 1.50016919e-02 7.40725081e-05 2.29131579e-02 7.62591750e-03
 8.47819448e-03 3.31478694e-03 1.59415253e-03 1.96334906e-03
 6.95417076e-03 1.19588152e-02 1.71418358e-02 1.68580403e-03
 5.64904138e-03 1.27887670e-02 6.09373301e-03 6.05048519e-03
 1.15197936e-02 1.06164217e-02 1.12149268e-02 9.19564068e-03
 2.65465584e-03 1.39422769e-02 1.84072265e-02 4.14967292e-03
 1.76570937e-03 3.69906425e-04 1.20588406e-02 2.32453019e-02
 1.33223757e-02 2.99359858e-03 9.08430640e-04 2.37896293e-03
 5.32089546e-03 1.41226179e-02 2.72194482e-03 1.24733381e-02
 6.23265070e-03 3.35598178e-03 5.37027977e-03 3.07774669e-03
 2.95116007e-03 9.43553250e-03 1.06187165e-03 2.08908841e-02
 7.41285984e-04 1.91008113e-03 2.04594061e-03 4.02129674e-03
 1.76176499e-02 9.58187574e-03 3.49799357e-03 2.15839045e-02
 2.40165905e-02 7.83358607e-03 9.84090567e-03 1.43005066e-02
 3.60750966e-03 1.96843967e-03 1.96888112e-04 9.03410837e-04
 4.03884053e-03 8.14859569e-03 2.19389945e-02 1.60895747e-02
 7.21448372e-03 8.31279904e-03 1.44934021e-02 3.59275163e-03
 1.40459772e-02 1.04136970e-02 3.22638710e-03 1.81132322e-02
 2.63577104e-02 1.50842769e-02 9.38910991e-04 1.70015421e-02]
***************************************************************
Test Residuals: [0.01339268 0.01442179 0.00709488 0.007081   0.00667299 0.01628349
 0.00085364 0.01342189 0.0152127  0.00057872 0.01315953 0.02366164
 0.00850047 0.00177888 0.00052833 0.00383116 0.01884943 0.00341963
 0.01250735 0.00501001]
***************************************************************
