Selected Best Function: 5, sin(x0) + sin(x1*x1)
Train MSE: 0.007713038440658839
Train NMSE: 0.008440521049524988
Test MSE: 0.007513955836994801
Test NMSE: 0.005314678426219875
***************************************************************
Train Residuals: [0.00553876 0.0558512  0.02715167 0.09248048 0.08428713 0.05248254
 0.11412367 0.00735168 0.02796667 0.13224224 0.0104215  0.05043271
 0.1542969  0.21354207 0.03056264 0.02510031 0.05924296 0.09929089
 0.02816669 0.06056386 0.05119337 0.14551251 0.2511475  0.01920464
 0.05778498 0.09925166 0.00718523 0.02243636 0.09985918 0.05953208
 0.15265548 0.0905864  0.01260009 0.09306866 0.03194809 0.01690077
 0.06131642 0.02111964 0.14879754 0.19588505 0.16924773 0.12121948
 0.1193392  0.02986931 0.01973397 0.14171226 0.05092609 0.09756051
 0.09016567 0.02625257 0.04227515 0.04398465 0.00307122 0.0382804
 0.04085486 0.03839137 0.00830861 0.06243628 0.13542029 0.00181156
 0.00247386 0.10245401 0.11150873 0.02050241 0.02334581 0.08339082
 0.04973982 0.02029749 0.0884344  0.0139245  0.08277056 0.04748072
 0.1024063  0.00101457 0.0016322  0.04417683 0.19797881 0.09182744
 0.08973547 0.03974424]
***************************************************************
Test Residuals: [0.04373324 0.07235136 0.00436553 0.06272644 0.05148443 0.05961517
 0.09650703 0.13060635 0.03585188 0.04255617 0.07867614 0.08082234
 0.10203355 0.05386569 0.21198816 0.05018521 0.1352727  0.10532742
 0.00048117 0.02491244]
***************************************************************
