Selected Best Function: 4, sin(x0) + sin(x1*x1)
Train MSE: 0.008380550087295206
Train NMSE: 0.007344911141667002
Test MSE: 0.008844844294543231
Test NMSE: 0.013110729870688788
***************************************************************
Train Residuals: [0.06000067 0.05930217 0.0300669  0.11702656 0.00042068 0.12054004
 0.14814393 0.20163444 0.01303623 0.02015861 0.11044695 0.00515997
 0.09356224 0.11233905 0.00097012 0.02055369 0.09105034 0.04229327
 0.04920598 0.01554549 0.08061714 0.00879573 0.13428641 0.02585648
 0.15578435 0.01134054 0.0831721  0.04492666 0.05922378 0.11348613
 0.034906   0.05463595 0.02723159 0.13917536 0.2116432  0.13779089
 0.01220571 0.06309164 0.01512172 0.23288927 0.03648734 0.2353175
 0.07959413 0.02696206 0.01495558 0.02371069 0.06669584 0.10941782
 0.08990537 0.0485328  0.08569914 0.07824661 0.14923933 0.07991183
 0.03800155 0.03555217 0.00550748 0.07918572 0.03801081 0.04624548
 0.07372478 0.05754829 0.15078646 0.06673894 0.04534465 0.06346597
 0.10524711 0.02114149 0.05792231 0.0268399  0.06379706 0.07153348
 0.17155621 0.09360314 0.05151336 0.01736252 0.21867731 0.02542534
 0.00363141 0.00090723]
***************************************************************
Test Residuals: [0.20860755 0.11709685 0.01906206 0.02973697 0.14419906 0.00530145
 0.08899859 0.01128309 0.02102041 0.11531013 0.06136367 0.17794899
 0.07585493 0.15078368 0.03364695 0.04759891 0.02591827 0.06701977
 0.05767468 0.00201516]
***************************************************************
