Selected Best Function: 6, (x0*x0 + x0)*(x0*x0*x0 + x0)
Train MSE: 2496.6809205493373
Train NMSE: 5.941396294012246e-16
Test MSE: 2349.2671537365336
Test NMSE: 6.761382406005275e-16
***************************************************************
Train Residuals: [60.70780313 67.61866021 74.37339401  7.39111132  3.80587837  2.11627542
 60.72256422 52.99247831 82.10188913 21.81897093 18.36821638 41.99300802
 96.71759987 64.27136803 10.81958061 19.11100433 31.44548015 35.14020362
 47.46780434 12.98692326 31.73654916 39.03039801 60.80962276 19.45985119
 93.11981392 90.91872978 33.06413183 88.12784576 48.8895219  29.05822765
  6.86616388 26.29425822 79.36952639 67.96780086 37.00569813  6.76060675
 74.26310253 73.32521415 25.37068874  5.69075431 23.27498558 77.53760719
 34.18464848 21.38868529 23.38974695 31.01472574 25.50370568 31.60714112
 61.95705533 83.7085228  60.51748347 93.13600922  9.98533859 14.48267944
  1.07712174 79.08706379 40.31996635 10.34316407 16.20361574 14.05091979
 27.04105345 75.77506399  4.03448152  9.85615566 24.69799882 45.31722543
 61.74179435 18.45624524 54.73830968 98.69476128 59.37750244 73.28560615
 47.19093195 67.69751382 30.74304678 18.50465751 45.3840076  29.21223346
  4.68586319 42.64839566]
***************************************************************
Test Residuals: [ 5.31090375 11.14045374 26.43693053  3.03971953 45.96648341 52.64222014
 69.69175911 22.35309131 30.73609448 77.10175657 25.779047   73.30688047
 88.4370575  52.07154638 18.08070767 30.79522537 91.94092178 43.36349452
 16.60960273 23.21821623]
***************************************************************
