Selected Best Function: 4, sin(x0) + sin(x0*x0 + x0)
Train MSE: 0.0010452661217936806
Train NMSE: 0.0011362404214713092
Test MSE: 0.0005085590787969857
Test NMSE: 0.0005903071424113721
***************************************************************
Train Residuals: [0.0015453  0.00356225 0.01700039 0.00515049 0.06499089 0.00101108
 0.0268397  0.01473264 0.07029778 0.02518316 0.04393588 0.02960548
 0.0669144  0.04520063 0.02314562 0.04049295 0.05945089 0.02906422
 0.00955457 0.00732294 0.02258826 0.00077157 0.04109007 0.03014854
 0.02330177 0.02169947 0.02560044 0.03320949 0.04260892 0.00042556
 0.00887682 0.00943681 0.06868888 0.01086703 0.00200081 0.02244166
 0.01163173 0.0229472  0.00593537 0.03505099 0.03792251 0.01425797
 0.02209317 0.01287984 0.04628495 0.01324847 0.02200365 0.00528786
 0.01413708 0.01096389 0.01526596 0.01747544 0.00133057 0.04439129
 0.04429259 0.01526865 0.03207103 0.04978939 0.03816035 0.04255347
 0.04619388 0.02407751 0.01974021 0.02256813 0.03376953 0.00601865
 0.01656266 0.0126128  0.06833649 0.05511964 0.06549189 0.03622276
 0.04019098 0.02672019 0.00501081 0.03631999 0.02385481 0.02205847
 0.03296494 0.01089297]
***************************************************************
Test Residuals: [4.99387858e-04 1.23991228e-02 1.29450160e-02 1.11775117e-02
 2.35320956e-02 1.29005466e-02 8.16912208e-03 3.00920204e-03
 2.33921891e-03 4.34379676e-02 1.93186663e-02 3.40298743e-02
 9.22267200e-05 5.53105651e-02 4.26581798e-02 6.91133215e-03
 1.34329615e-02 7.68509919e-03 1.44884577e-02 1.13562110e-02]
***************************************************************
