Selected Best Function: 4, sin(x0) + sin(x1*x1)
Train MSE: 0.0008883343287388967
Train NMSE: 0.0008366842236832096
Test MSE: 0.0006346817041108083
Test NMSE: 0.0007745169704703153
***************************************************************
Train Residuals: [0.04127021 0.01983878 0.02136395 0.0229422  0.03278213 0.01930941
 0.02252577 0.05804392 0.00406113 0.02107239 0.00041015 0.01346698
 0.06052047 0.01333772 0.01738436 0.05051069 0.01660708 0.01517924
 0.01308808 0.00940983 0.02118332 0.02821138 0.00960822 0.01576245
 0.03426766 0.00831523 0.04997512 0.04583821 0.0418308  0.02379953
 0.02465575 0.04551242 0.01672334 0.01399281 0.04303885 0.01609626
 0.00785238 0.02428442 0.01799973 0.01492818 0.02628421 0.01591398
 0.01856691 0.01801295 0.04585535 0.04887608 0.02949008 0.05072625
 0.00788577 0.06697587 0.03521984 0.00630219 0.00873654 0.00831394
 0.03795583 0.00612768 0.02813815 0.0499303  0.01556561 0.03002777
 0.0450381  0.02551995 0.05719301 0.00135115 0.00278026 0.02512862
 0.02139627 0.02321285 0.00066371 0.01379702 0.01078236 0.00497045
 0.03336325 0.00503088 0.02243803 0.07685032 0.00270005 0.01449747
 0.01989136 0.0290417 ]
***************************************************************
Test Residuals: [0.00646391 0.00116928 0.03092583 0.03469638 0.02122873 0.01548224
 0.01741478 0.04178069 0.03636786 0.00765105 0.00623174 0.01293396
 0.01432269 0.00221573 0.00832368 0.00030699 0.04993085 0.02365696
 0.05221863 0.01023448]
***************************************************************
