Selected Best Function: 9, x0*(x0 + x0*x0)*(x0*x0*x0 + x0)
Train MSE: 18685726.640013963
Train NMSE: 4.121358464907513e-16
Test MSE: 19111548.937047824
Test NMSE: 5.166936018860796e-16
***************************************************************
Train Residuals: [9.45470618e+03 8.18838562e+03 9.37154334e+00 4.08406882e+03
 2.83023738e+03 7.68775995e+03 6.96899566e+02 9.92235962e+03
 1.46622748e+03 3.47093997e+02 1.94297124e+03 2.90587955e+03
 5.06264030e+03 2.06153108e+03 5.09165643e+03 1.05992184e+02
 1.07780530e+03 1.49184546e+03 6.61741113e+03 5.04900691e+02
 2.40742654e+03 6.32894073e+03 2.10195221e+01 6.13181859e+02
 6.92455151e+03 4.87683217e+03 2.23772883e+02 2.13847964e+03
 1.96162193e+03 4.81769546e+01 4.07093490e+02 1.98803807e+03
 2.41469183e+03 2.52509639e+03 1.72374444e+03 5.89261771e+03
 1.12579875e+03 4.96735141e+03 8.77344556e+03 8.63376775e+02
 7.22151532e+02 1.66179893e+03 2.95703296e+03 1.89194753e+03
 6.40655258e+03 5.99057115e+01 2.95789300e+03 4.93668494e+03
 2.70640356e+03 3.73835558e+03 7.43270563e+03 2.83184348e+03
 7.34263859e+02 8.31643274e+03 5.31212509e+03 1.19791202e+03
 5.37221326e+03 9.36578294e+01 1.19975442e+03 3.42584545e+01
 3.55298130e+02 6.50955567e+02 1.87248993e+03 6.28699390e+03
 1.45810507e+03 7.37487018e+03 8.51089624e+03 6.11204803e+03
 9.15197698e+02 5.21077014e+03 5.02255990e+01 8.80289624e+03
 9.76036398e+02 9.21484215e+02 7.23121173e+03 2.65457221e+03
 7.67461664e+03 3.76148698e+03 3.19233331e+01 5.18166937e+02]
***************************************************************
Test Residuals: [1.15070593e+03 8.13797296e+03 9.57031022e+02 2.66707375e+03
 7.88488879e+03 1.09651071e+01 6.77334486e+00 4.94142905e+03
 7.06946998e+01 1.10027443e+03 7.56541241e+03 8.27208728e+03
 5.34780063e+03 1.92521482e+03 5.85274919e+02 2.32291518e+03
 1.20319362e+03 3.84374245e+03 2.83704096e+03 5.55594000e+03]
***************************************************************
