Selected Best Function: 4, (sin(x0) + sin(x0))*cos(x1)
Train MSE: 9.063488130604847e-10
Train NMSE: 8.215430375296593e-10
Test MSE: 8.840855444809477e-10
Test NMSE: 7.574252679541437e-10
***************************************************************
Train Residuals: [3.26062917e-05 2.69972105e-05 4.63801267e-05 3.77283723e-05
 2.15606627e-05 5.47014375e-06 1.41211691e-06 3.81918562e-06
 1.79671476e-05 4.14580232e-06 3.40644766e-05 1.79639098e-05
 4.50463753e-05 4.39994202e-05 4.29091392e-05 2.26769839e-05
 3.08539018e-05 4.81580560e-05 4.82232002e-05 4.07255493e-05
 4.87771934e-05 4.72133490e-05 4.20807232e-05 2.25946558e-05
 2.96074479e-05 4.00282793e-05 7.24205802e-06 4.80398587e-05
 3.07719634e-05 6.51562019e-06 3.72829576e-05 3.11842255e-06
 1.53097372e-05 2.93036720e-05 1.66865730e-05 1.05492786e-05
 4.40114415e-05 1.91685247e-05 4.92376265e-05 2.73473529e-06
 7.38136244e-06 1.15749686e-05 6.57971898e-06 7.68105273e-06
 3.12405654e-05 3.47888330e-05 1.13173964e-05 3.10807282e-05
 2.82336861e-06 9.41044651e-06 3.37767755e-06 4.93103705e-05
 4.48920318e-05 4.33791903e-05 3.38762178e-05 1.70519389e-05
 4.23921847e-05 1.17044998e-06 3.16915576e-05 1.92099693e-06
 1.25194936e-05 8.24311984e-06 3.68844995e-06 4.41681429e-05
 3.73468935e-05 4.36035980e-05 2.31495231e-05 3.91218435e-06
 4.28856525e-05 1.65360164e-05 2.71015805e-05 2.26968512e-05
 4.84741473e-05 1.75843802e-05 2.73758409e-05 1.09046014e-05
 3.19177126e-05 3.11389021e-05 1.88631586e-05 3.70343986e-05]
***************************************************************
Test Residuals: [2.27823147e-06 2.97716301e-05 4.09926697e-05 3.31364281e-05
 2.25502060e-06 7.86868878e-06 4.32306475e-05 3.58798592e-05
 4.36349259e-05 3.52796064e-05 2.16086003e-05 3.72835659e-05
 3.50521618e-05 1.78658100e-05 1.65222622e-05 2.03745470e-05
 1.54443884e-06 3.78954697e-05 4.30353808e-05 1.60123849e-05]
***************************************************************
