Selected Best Function: 4, x0*(x0*x0 + x0) + x0
Train MSE: 0.0008495341687086227
Train NMSE: 9.690993316753038e-15
Test MSE: 0.0005564041942038717
Test NMSE: 8.900487077905796e-15
***************************************************************
Train Residuals: [0.01166556 0.03642054 0.00936125 0.01945297 0.0522405  0.02282033
 0.02904263 0.00238847 0.03720704 0.01030932 0.05239749 0.04865932
 0.07578625 0.04577034 0.00770852 0.00128648 0.00029681 0.01976138
 0.0366825  0.04735691 0.01199689 0.00943778 0.01247402 0.04782833
 0.00038204 0.05224672 0.00441224 0.02267459 0.00978691 0.01355848
 0.05009663 0.00382302 0.02368772 0.01008031 0.01629428 0.03835989
 0.01490529 0.02636279 0.0198834  0.0027402  0.0353699  0.05101645
 0.01361655 0.03117551 0.00331921 0.00622195 0.00842291 0.00112855
 0.01542171 0.00815329 0.00812749 0.04043419 0.0075003  0.03658898
 0.03377166 0.03612931 0.02378895 0.01597643 0.01331458 0.03304384
 0.01955074 0.03354976 0.01734657 0.02061849 0.00788665 0.00338952
 0.0089433  0.0382002  0.07791821 0.00284577 0.01006736 0.02848707
 0.01887713 0.03809157 0.02599183 0.0594368  0.00935415 0.01405977
 0.02043361 0.01904712]
***************************************************************
Test Residuals: [0.01808492 0.02450802 0.01030576 0.00565561 0.00809852 0.0035627
 0.03331107 0.00666768 0.00086623 0.03089172 0.00672885 0.00377088
 0.03621933 0.01875149 0.00799269 0.03035657 0.02321898 0.06363674
 0.01503657 0.01874982]
***************************************************************
