Selected Best Function: 5, (sin(x0) + sin(x0))*cos(x1)
Train MSE: 9.761284515317784e-05
Train NMSE: 0.00010720237837175085
Test MSE: 6.150698475095986e-05
Test NMSE: 8.204090938427603e-05
***************************************************************
Train Residuals: [0.00967854 0.00967043 0.00311695 0.01381295 0.00506023 0.01727333
 0.01119873 0.01670582 0.00011193 0.00294968 0.00268984 0.00979107
 0.01328502 0.00628755 0.01203431 0.01161614 0.00337737 0.00444027
 0.00073175 0.00565757 0.00530103 0.00480558 0.00955922 0.00631346
 0.00589289 0.00514797 0.00539905 0.00306218 0.0098195  0.00913556
 0.00451392 0.00389498 0.01957701 0.00494503 0.00727071 0.01357398
 0.01175444 0.00968471 0.00353295 0.01050393 0.00329514 0.00733009
 0.00957393 0.0111331  0.00169519 0.00325932 0.01477655 0.0065749
 0.00149602 0.01117268 0.00229414 0.01687222 0.005782   0.00359399
 0.00488545 0.00907972 0.00376443 0.00897262 0.01706359 0.0011086
 0.01749369 0.00786452 0.01274762 0.0320264  0.00890917 0.00559971
 0.007571   0.01188199 0.00940614 0.00130344 0.00930109 0.00030112
 0.00513183 0.00914449 0.00776183 0.00296377 0.00020688 0.02059321
 0.00779448 0.0175051 ]
***************************************************************
Test Residuals: [0.00539983 0.0121927  0.01611045 0.01054738 0.00768643 0.00332233
 0.00157553 0.00716286 0.00065269 0.00727366 0.00889731 0.00831845
 0.00073156 0.0015019  0.00833229 0.01242771 0.0072916  0.00122259
 0.00395909 0.00767622]
***************************************************************
