Selected Best Function: 3, sin(x0) + sin(x0 + x0*x0)
Train MSE: 9.619733642380038e-10
Train NMSE: 8.203163872886082e-10
Test MSE: 9.731675049228847e-10
Test NMSE: 1.1923557693604864e-09
***************************************************************
Train Residuals: [3.44932259e-05 4.96996676e-05 4.48729197e-06 3.61370861e-05
 3.02433751e-05 1.73716969e-05 2.91186019e-05 2.75099437e-06
 1.68766172e-05 8.62390799e-06 4.52539535e-05 1.85877025e-05
 1.59341069e-05 2.73581741e-05 3.18231359e-05 3.69911959e-05
 4.95035727e-05 3.04925422e-05 1.25521721e-05 5.31965889e-06
 4.09437166e-05 1.88155361e-05 3.12878747e-05 7.34305342e-06
 1.55634389e-06 4.29709772e-05 4.10133104e-05 3.02336107e-05
 3.06773222e-05 2.24165348e-05 4.79992710e-05 3.79479824e-05
 2.18417275e-05 3.68704207e-05 2.74377080e-05 3.54351729e-05
 4.34240186e-05 2.45632845e-05 2.86095534e-05 4.76760475e-05
 4.53820271e-05 4.05149347e-05 1.00816468e-05 4.60140256e-05
 4.07498093e-05 4.86254740e-06 4.00373022e-05 1.64675291e-05
 2.58030757e-05 3.92899381e-05 4.13094861e-05 8.10733773e-06
 2.74120135e-05 2.73639281e-05 2.47702525e-05 3.51305970e-05
 4.23913024e-05 1.63851959e-05 1.20933114e-05 2.28872436e-05
 3.73078329e-05 2.28377054e-05 1.54220273e-05 2.97468329e-05
 2.10273398e-05 8.64417296e-06 5.57177565e-06 7.26602810e-06
 4.99883218e-05 1.33729145e-06 4.80422297e-05 2.21778267e-05
 3.01465257e-05 4.25244908e-05 4.72778580e-05 2.11169843e-05
 4.50624215e-07 4.97981361e-06 4.61065223e-05 4.52377185e-05]
***************************************************************
Test Residuals: [4.54806840e-05 3.77116059e-05 2.28571788e-05 4.13209722e-05
 3.95587222e-05 1.43865951e-05 3.14229299e-05 3.48389744e-05
 1.96460157e-05 4.29816525e-05 1.21892975e-05 3.05767319e-05
 4.37864915e-05 1.61397026e-05 4.37899019e-05 2.18570314e-05
 1.91554838e-05 1.27927843e-05 1.96784082e-05 3.10166714e-05]
***************************************************************
