Selected Best Function: 3, sin(x0) + sin(x1*x1)
Train MSE: 8.63291069543946e-10
Train NMSE: 8.143505792745639e-10
Test MSE: 6.909472106810301e-10
Test NMSE: 8.338492706437072e-10
***************************************************************
Train Residuals: [3.24829243e-05 8.80026513e-07 3.51474990e-05 1.94247659e-05
 3.27016562e-05 4.54426254e-06 3.36724570e-05 3.32431284e-06
 2.60517473e-05 1.55731471e-06 4.41703350e-05 4.80794071e-05
 8.69504098e-06 2.64735451e-05 2.94356962e-05 7.71097862e-06
 3.71118601e-05 4.10862869e-05 1.56599922e-05 3.34642185e-05
 3.76669148e-05 9.83404844e-06 2.95205658e-05 1.53357411e-05
 3.94233504e-05 8.04427361e-06 4.90062707e-05 4.01337514e-05
 1.68649767e-05 1.46167849e-05 1.27484408e-05 1.88943306e-05
 4.63607032e-05 2.15543546e-05 2.12275704e-06 8.75811403e-06
 4.51771532e-05 1.14038151e-05 4.73588845e-05 2.80220237e-05
 4.20306607e-05 3.18680963e-05 7.63262626e-06 9.60240096e-06
 4.24416725e-05 2.54249867e-05 2.97705857e-06 2.07213367e-06
 9.40582917e-06 4.82084597e-05 2.47815374e-05 2.59797059e-05
 3.11366813e-05 2.40852220e-05 2.58895025e-05 1.54024951e-05
 1.58695171e-05 4.81578373e-05 4.74232909e-05 1.50400202e-05
 1.40840585e-05 2.87948602e-05 1.24646588e-05 2.18018459e-05
 1.10997605e-06 4.58087718e-05 1.00310815e-05 4.69889071e-05
 3.09940694e-05 8.12193611e-06 4.83648552e-05 2.74601922e-05
 2.89230500e-05 2.45498944e-05 3.72859942e-05 1.22285069e-05
 3.55392349e-05 4.47374399e-05 4.70465486e-05 2.60080645e-05]
***************************************************************
Test Residuals: [2.89095864e-05 8.95718378e-06 1.61340782e-05 1.97046904e-05
 1.76838044e-05 4.64804962e-05 2.77577734e-05 3.44087364e-05
 3.54224348e-06 4.49675424e-05 2.44491656e-06 1.85361047e-05
 4.03391594e-05 3.09609313e-05 2.54149232e-05 1.10547255e-05
 4.88007079e-06 2.55053744e-05 3.74808817e-05 3.07519485e-06]
***************************************************************
