Nguyen_F1: x0*(x0**2 + x0) + x0
MSE: 1.284613695845735e-21
Nguyen_F2: x0**3 + x0**2 + x0*x0**3 + x0
MSE: 1.2261050039104584e-17
Nguyen_F3: x0**3 + x0*(x0**4 + x0**3 + x0) + x0
MSE: 1.1512637769512035e-13
Nguyen_F4: (0.32967821360326854*x0 + (x0 + 0.16660987194554402)**3 + sin(log(x0))**3 - 0.79337492302794365)**2
MSE: 27041662.158251055
Nguyen_F5: cos(-3.1392093076847694) + cos(x0)/((-0.323660681144817)*((-3.0896567068896097/sin(x0**2))))
MSE: 8.104650956073035e-12
Nguyen_F6: sin(x0) + sin(x0**2 + x0)
MSE: 0.0
Nguyen_F7: log(x0**3 + x0**2 + x0 + 1.0000000032037148)
MSE: 3.5344974174541264e-20
Nguyen_F8: 0.027422329725102543*x0 + 0.22361837902683177*(log(x0 + 1.4578818423593507) + 0.96856829337619671)**2 + 0.3018480687158568 - 0.074531443125038255/x0
MSE: 0.00023924349744607415
Nguyen_F9: sin(x0) + sin(x0**2) - 1*(-3.9898251303033214e-19)
MSE: 1.6258556239810765e-39
Nguyen_F10: x0*sin(x0 + x0)/x0
MSE: 4.934970586913093e-33
