Selected Best Function: 8, (x0 + exp(-x0 + x0))*(x0*x0*x0 + x0)
Train MSE: 9.661381527207808e-10
Train NMSE: 1.1937081895791467e-24
Test MSE: 9.421253877301993e-10
Test NMSE: 1.812156520987021e-24
***************************************************************
Train Residuals: [3.74391675e-05 2.76640058e-05 1.40531920e-05 4.65828925e-05
 2.94895071e-05 2.41585076e-06 1.60690397e-05 3.81749123e-05
 2.88135478e-05 2.77459621e-05 3.52859497e-05 2.54046034e-05
 1.91135332e-05 1.97142363e-05 4.45842743e-05 3.22721899e-05
 3.89215020e-05 7.49528408e-06 1.36261806e-05 4.16189432e-05
 4.89224913e-05 4.30047512e-05 2.83159316e-05 1.75260939e-05
 1.34576112e-05 3.11409749e-05 1.93379819e-05 1.99810602e-05
 3.33674252e-05 4.52098320e-05 6.51180744e-06 1.62274227e-05
 3.32822092e-05 3.51965427e-05 3.19754472e-05 3.80082056e-05
 9.79285687e-06 1.42976642e-05 4.82113101e-05 4.97102737e-05
 4.04524551e-05 4.99635935e-05 8.03498551e-07 1.89170241e-05
 1.75153837e-05 2.04145908e-05 4.77880239e-05 4.62522730e-05
 2.47445996e-05 4.32096422e-05 2.17913184e-05 3.70247290e-05
 1.90294813e-05 4.55724075e-05 1.78888440e-05 3.25608999e-05
 2.97988191e-05 3.53828073e-05 2.94281635e-05 3.58249818e-05
 5.04404306e-06 1.08778477e-06 4.98443842e-05 2.92281620e-05
 1.71735883e-06 6.07967377e-06 2.92403359e-05 2.24426622e-05
 4.68350481e-05 1.84848905e-05 9.31322575e-07 8.81310552e-06
 2.90647149e-05 4.02405858e-05 1.78272603e-05 8.32835212e-06
 2.69827433e-06 4.88164951e-05 4.30522487e-05 4.70168889e-05]
***************************************************************
Test Residuals: [3.80190468e-05 1.61315475e-05 1.80266798e-05 1.24216313e-05
 1.13695860e-05 4.37349081e-05 1.60634518e-05 1.82243530e-05
 4.69574006e-05 2.38604844e-05 2.83457339e-05 4.94867563e-05
 4.22759913e-05 3.99607234e-06 3.25581059e-05 7.82439020e-06
 4.61458403e-05 4.53046814e-05 2.51308084e-05 1.61454082e-05]
***************************************************************
