Selected Best Function: 14, (x0*x0 + x0 + 0.4716959/(x0*(x0 + x0)))*(x0*x0 + exp(-x0 + x0) - (-0.006955634 + 0.0070534325))
Train MSE: 0.09342984259768632
Train NMSE: 1.2555948035105664e-16
Test MSE: 0.05472666567355709
Test NMSE: 2.0554187120754848e-16
***************************************************************
Train Residuals: [0.72793016 0.22465961 0.12509801 0.72393127 0.18363145 0.03618805
 0.66531815 0.05706083 0.10166628 0.52744123 0.65261634 0.14253632
 0.44605913 0.3774389  0.12537672 0.22944026 0.44433662 0.18789422
 0.24152233 0.55934633 0.0074035  0.09482424 0.17854042 0.02226994
 0.61349899 0.13290165 0.10272284 0.00658716 0.29925614 0.27964115
 0.52076302 0.00818024 0.72951941 0.01376498 0.18576912 0.10946346
 0.13477345 0.06166333 0.11310322 0.18768266 0.068537   0.34058657
 0.43996251 0.55177667 0.15012503 0.68472756 0.13501221 0.13013499
 0.06052151 0.06189719 0.21490164 0.09504539 0.11546363 0.08075529
 0.09219373 0.15954831 0.14391464 0.24198876 0.18226647 0.23387322
 0.20596036 0.22216464 0.22622517 0.14033683 0.12657724 0.17957262
 0.44282442 0.2632798  0.30270795 0.42237139 0.00357054 0.16304638
 0.00776538 0.11241682 0.23770596 0.47893235 0.04310673 0.17007514
 0.21889869 0.10833785]
***************************************************************
Test Residuals: [0.27310109 0.05582194 0.06090445 0.32395573 0.07866185 0.13769638
 0.36025272 0.00810207 0.15852027 0.03528667 0.22200567 0.2186309
 0.27239101 0.14548698 0.57744142 0.20439895 0.21944333 0.17373387
 0.15716287 0.2368566 ]
***************************************************************
