Selected Best Function: 4, x0*(x0*x0 + x0) + x0
Train MSE: 0.0008979475125637803
Train NMSE: 8.826944062388955e-15
Test MSE: 0.0013441859409225698
Test NMSE: 1.1476622578577625e-14
***************************************************************
Train Residuals: [0.01108786 0.0101456  0.01997294 0.02380522 0.02680507 0.02582022
 0.0133779  0.01929181 0.00179069 0.01994964 0.00302143 0.02961786
 0.00858534 0.03544085 0.00931043 0.01977924 0.0097032  0.01050823
 0.01020737 0.05577203 0.06180082 0.02631952 0.01134261 0.01803322
 0.07896762 0.07395554 0.03242805 0.04429998 0.00611168 0.01456972
 0.00785098 0.03259825 0.05812007 0.02030185 0.05052561 0.01789065
 0.04536677 0.01768545 0.04855772 0.01539952 0.02708675 0.01329513
 0.02280321 0.05902062 0.0253244  0.04234431 0.00539816 0.02166591
 0.01402504 0.0641035  0.01952767 0.03261002 0.00716655 0.03137173
 0.03302054 0.00206734 0.01228957 0.01840908 0.03156971 0.00104685
 0.02504232 0.02108624 0.03216088 0.01470236 0.0168706  0.0109348
 0.01646382 0.0111483  0.04522487 0.00532974 0.03243188 0.00497782
 0.03222903 0.02841863 0.04441998 0.02509349 0.01014034 0.00105852
 0.03346551 0.01857225]
***************************************************************
Test Residuals: [0.0172889  0.05312469 0.01250989 0.01931902 0.09490596 0.03373466
 0.04408983 0.01398274 0.012906   0.02224047 0.00214328 0.02175094
 0.01858507 0.02019966 0.03789756 0.01983943 0.04304866 0.03962464
 0.05676201 0.02410136]
***************************************************************
