Selected Best Function: 7, sin(x0*x0)*cos(x0) - x0/x0
Train MSE: 0.0005996872861418117
Train NMSE: 0.002403567940287063
Test MSE: 0.0009980383038606189
Test NMSE: 0.0037527469309400208
***************************************************************
Train Residuals: [4.78044162e-04 3.05587658e-02 5.92870440e-02 3.97040624e-02
 2.76216889e-02 1.31411640e-02 1.97571446e-02 1.13652292e-02
 2.88480852e-03 1.15077608e-02 8.63121400e-03 1.17012896e-02
 5.90588344e-02 3.03752753e-02 4.44620480e-02 1.30956179e-02
 8.72236848e-03 8.57367849e-03 4.08127881e-02 2.21961199e-02
 4.45297643e-04 4.32777015e-02 2.57205528e-02 2.75982785e-02
 3.41331901e-02 2.55487080e-02 9.30957977e-03 3.84064230e-03
 1.00100080e-02 5.36101112e-02 2.61059885e-02 3.35684835e-02
 1.76541648e-02 1.73492794e-02 3.16154486e-02 2.12008752e-02
 1.68217678e-04 5.98185050e-03 9.35537701e-03 1.06078758e-02
 1.29127474e-02 1.62199426e-02 3.76478321e-02 1.55485623e-02
 3.95779252e-02 7.21177423e-03 1.27800101e-02 5.94902424e-03
 7.69866583e-03 1.09090345e-02 1.02542064e-02 1.53619800e-02
 6.00347590e-03 3.12531509e-03 2.16807590e-02 2.61120676e-03
 8.83167697e-03 7.47733769e-03 3.54593116e-03 3.58871636e-02
 3.85063468e-05 1.62655067e-02 2.46879989e-03 2.25159600e-02
 4.44058464e-02 2.10794281e-02 9.20122205e-03 8.51851326e-03
 3.06442900e-02 3.88082450e-02 1.20525851e-02 8.66181851e-03
 1.17582667e-02 5.30521956e-02 3.84601985e-04 1.79918810e-02
 1.00318674e-02 1.51886473e-02 5.37756734e-02 8.98189556e-03]
***************************************************************
Test Residuals: [0.03958862 0.01779047 0.06073466 0.01705954 0.03748894 0.01532831
 0.01191812 0.00568927 0.05753965 0.03194286 0.01436809 0.01438366
 0.05777336 0.03161933 0.0337569  0.00262984 0.00121717 0.03098774
 0.01043594 0.03135898]
***************************************************************
