Selected Best Function: 9, sin(x0*x0)*cos(x0) - x0/x0
Train MSE: 9.193364455967923e-05
Train NMSE: 0.0003728385288809047
Test MSE: 3.1445873741561376e-05
Test NMSE: 0.000123689261913609
***************************************************************
Train Residuals: [0.00225352 0.01976001 0.00484756 0.00703705 0.00688173 0.00099678
 0.00212696 0.00687196 0.00312126 0.02662888 0.00840107 0.01087147
 0.00628553 0.00015715 0.00161228 0.00435265 0.00966337 0.01616309
 0.01355678 0.00481356 0.0014472  0.01138114 0.02025933 0.00680513
 0.00407132 0.0050557  0.017394   0.00188618 0.01580099 0.00917152
 0.00626275 0.00584389 0.00174748 0.0034331  0.0206069  0.00378566
 0.00852367 0.00606731 0.0034464  0.00086127 0.00230118 0.00421262
 0.00580411 0.01114656 0.00447664 0.0091228  0.01292838 0.00466622
 0.00542199 0.01095433 0.00053286 0.00734759 0.0033925  0.01220816
 0.00663508 0.00731689 0.00148224 0.00527587 0.00810889 0.01537739
 0.00530257 0.02168151 0.01444958 0.00170158 0.00734621 0.00397724
 0.00320065 0.00570829 0.01660118 0.00108981 0.00536532 0.00602786
 0.00785736 0.01626822 0.00764057 0.02092504 0.00656013 0.00043008
 0.00605044 0.00142689]
***************************************************************
Test Residuals: [0.00119127 0.00114587 0.00854881 0.0045857  0.00466015 0.00069886
 0.00084173 0.00224545 0.01598784 0.01150757 0.00227343 0.00267525
 0.00389533 0.00131736 0.00074489 0.0020847  0.00677015 0.00588133
 0.00103455 0.00067289]
***************************************************************
