Selected Best Function: 9, log((x0 + 1)*(x0**2 + 1))
Train MSE: 0.00010500605249472165
Train NMSE: 1.6048734356942175e-05
Test MSE: 0.00011740809679634634
Test NMSE: 3.426154147409399e-05
***************************************************************
Train Residuals: [0.00070469 0.00257164 0.01157392 0.00064847 0.00965823 0.00624528
 0.00827876 0.00514356 0.02287695 0.00644421 0.02009947 0.00084398
 0.01567066 0.00495617 0.01043288 0.00675404 0.01555351 0.00949358
 0.02492748 0.01172128 0.01264264 0.01106655 0.0143537  0.01719568
 0.00246623 0.00133063 0.01280657 0.01309696 0.00641715 0.00289419
 0.00193541 0.00255763 0.02103421 0.00748179 0.00230312 0.00538237
 0.00175574 0.00174486 0.00452015 0.01161288 0.00388807 0.0102871
 0.00316605 0.00697394 0.01092818 0.00585925 0.01688671 0.00388156
 0.01604457 0.00304168 0.0133794  0.01036214 0.00787537 0.00117827
 0.00623962 0.00344025 0.0038639  0.00627701 0.00817405 0.00270538
 0.00414704 0.00638803 0.0045364  0.01132909 0.00656883 0.00339817
 0.01061115 0.01664554 0.00559809 0.00732546 0.00422033 0.00680187
 0.0259285  0.00367567 0.00042893 0.01534568 0.00822821 0.0106943
 0.0179265  0.00328579]
***************************************************************
Test Residuals: [4.65358230e-03 8.65050424e-03 1.91988350e-02 1.85571693e-03
 2.62174647e-02 8.70266098e-03 4.93670184e-03 9.33021678e-05
 1.08848846e-02 1.10189064e-02 4.05231923e-03 1.17413205e-03
 1.16128312e-02 1.05354212e-02 1.34931822e-02 1.67819831e-02
 2.17905463e-03 3.44389553e-03 7.55812401e-03 7.15400203e-03]
***************************************************************
