Selected Best Function: 4, x0**(x0/(x0 + x0))
Train MSE: 0.05017782669148567
Train NMSE: 0.0069342589429136955
Test MSE: 0.0639548742239929
Test NMSE: 0.014720941254179852
***************************************************************
Train Residuals: [0.18238791 0.13972621 0.03799362 0.32513686 0.27884605 0.28972934
 0.23132972 0.19461673 0.08266686 0.31596652 0.21208347 0.10978451
 0.47119177 0.49306576 0.27118217 0.06887378 0.10358282 0.02658849
 0.05303286 0.27299283 0.12746033 0.02998246 0.01655927 0.16363505
 0.25810248 0.16030021 0.15648248 0.22844111 0.10959798 0.03020561
 0.11179631 0.07808224 0.06913819 0.24407083 0.06196283 0.25273969
 0.1784322  0.00086973 0.15990045 0.06808575 0.28290732 0.16416376
 0.12447793 0.46022279 0.27408392 0.0006184  0.07437559 0.0225548
 0.06223811 0.02450533 0.00589796 0.01153409 0.27299269 0.31731116
 0.26306003 0.08785719 0.22770635 0.05760072 0.07057052 0.05380693
 0.11461895 0.57558373 0.04394014 0.46974916 0.20580846 0.01058829
 0.18114364 0.23134083 0.03431005 0.06025188 0.46534249 0.07862719
 0.03155    0.24247296 0.08802248 0.16239108 0.09913331 0.32289158
 0.51909799 0.48000413]
***************************************************************
Test Residuals: [0.16821402 0.17507186 0.0696376  0.24705356 0.35366265 0.21380571
 0.02167547 0.18148676 0.2213493  0.37993072 0.08087813 0.19302744
 0.31723197 0.31797586 0.02973949 0.25935416 0.53817703 0.21856319
 0.28548935 0.15531591]
***************************************************************
