Selected Best Function: 6, (sin(x0) + sin(x0))*cos(x1)
Train MSE: 0.000891184553947953
Train NMSE: 0.0007295587254067468
Test MSE: 0.001173620975267644
Test NMSE: 0.0020091175067818543
***************************************************************
Train Residuals: [0.06234414 0.03301821 0.0051575  0.06860546 0.05348324 0.03954436
 0.027351   0.00755757 0.00411312 0.0019701  0.00290708 0.02003685
 0.03261949 0.02685808 0.00180856 0.02979775 0.01215122 0.03556248
 0.02255203 0.01714607 0.03321196 0.02221803 0.03266683 0.05182847
 0.01081908 0.02277761 0.03833381 0.03121625 0.02679395 0.03122821
 0.00437871 0.01754221 0.01580649 0.00304608 0.02602984 0.07456788
 0.05407054 0.00572264 0.00466057 0.03826844 0.0089294  0.0108002
 0.02931595 0.02866336 0.00827209 0.02093387 0.03214457 0.02096772
 0.01820035 0.02060805 0.05433042 0.02975102 0.0081901  0.01393215
 0.02442951 0.00346536 0.02033691 0.00566793 0.00679605 0.05930441
 0.05114544 0.02135523 0.04328871 0.03474892 0.00059709 0.04046807
 0.00395596 0.03328878 0.00960665 0.00828516 0.03365737 0.04628699
 0.0219153  0.01437543 0.00290405 0.03273808 0.0061436  0.03743067
 0.00954661 0.02581173]
***************************************************************
Test Residuals: [4.06418183e-02 2.16009733e-02 1.59733691e-02 2.89029961e-02
 3.54282018e-02 1.34404983e-02 2.63474349e-02 4.60304197e-02
 1.63586897e-02 3.83185294e-02 1.65090388e-05 1.98814912e-03
 6.94327042e-02 5.03318647e-02 4.88932772e-03 8.09359374e-03
 4.04045350e-02 3.50564135e-02 1.18773956e-02 6.18765519e-02]
***************************************************************
