Selected Best Function: 7, (cos(x1) + cos(x1))*sin(x0)
Train MSE: 0.2390268690055815
Train NMSE: 0.17296503082518602
Test MSE: 0.22955420445592614
Test NMSE: 0.17522660949386581
***************************************************************
Train Residuals: [0.1863472  0.83690609 1.1694466  0.02467204 0.20232221 0.06149463
 0.0696509  0.99915102 0.39298815 0.12606238 0.20081383 0.16177212
 0.60412609 0.31517671 0.29653523 0.42651706 0.5080877  0.55058743
 0.03873707 0.01738316 0.81765898 0.05130448 0.3171803  0.26174144
 0.50870963 0.33521915 0.30549078 0.24926093 0.21572696 0.33648918
 0.10426449 0.43225862 0.80546433 0.44180145 0.15173232 0.47494801
 0.2041118  0.23574728 0.08006946 0.46351707 0.04140018 0.52117288
 0.32618398 0.34058204 0.87554332 1.09077587 0.13961822 0.12467253
 0.37085314 0.83765596 0.84351001 0.19176779 1.09570988 0.54770184
 0.42919357 0.21902835 0.30595159 0.2687953  0.08736523 0.7150887
 0.04818097 0.09371941 0.12263683 0.23802591 0.63568178 0.3890971
 0.99042489 1.11814997 0.07264093 0.15061891 0.07738733 0.16975171
 0.65310113 0.69263784 0.40220349 0.1235246  0.31838283 0.51962463
 0.42202758 0.4940957 ]
***************************************************************
Test Residuals: [0.19068257 0.00818573 0.42127824 0.44263819 0.6275473  0.49934759
 0.46634556 0.25740039 0.13402343 0.71832198 0.34674876 0.84739081
 0.59938799 0.19005731 0.48669668 0.0916969  0.1871786  0.30738079
 1.03283967 0.21249851]
***************************************************************
