Selected Best Function: 4, x0**(x0/(x0 + x0))
Train MSE: 9.753286149085934e-05
Train NMSE: 2.1368102940138933e-05
Test MSE: 9.17984923755776e-05
Test NMSE: 1.244139849443913e-05
***************************************************************
Train Residuals: [0.00999583 0.01212233 0.00778119 0.01511895 0.01485883 0.01457021
 0.00420771 0.00187257 0.00981873 0.0039343  0.00193923 0.00407788
 0.00803471 0.01691721 0.00683    0.00759126 0.02227543 0.01244119
 0.00629062 0.00458595 0.00691262 0.00888476 0.00570129 0.00914599
 0.00482133 0.00229231 0.0030921  0.01810485 0.00783614 0.01358031
 0.00808582 0.00509411 0.00922639 0.02184305 0.01349428 0.00606019
 0.01273786 0.01753253 0.00340225 0.0124448  0.00334769 0.00286976
 0.01574419 0.00889949 0.00762346 0.00952701 0.00163866 0.01050145
 0.00577159 0.01333524 0.01193088 0.01153806 0.00278222 0.00264723
 0.00815367 0.01081024 0.00412166 0.00273597 0.00071251 0.01693887
 0.01074699 0.01582935 0.00512041 0.01046235 0.00783506 0.00489233
 0.00289982 0.00183684 0.00085347 0.01412532 0.00698098 0.01296974
 0.01165077 0.01588817 0.00161844 0.00151735 0.01049132 0.00070982
 0.00165552 0.00479364]
***************************************************************
Test Residuals: [0.00097475 0.00247819 0.00063586 0.00069096 0.01653822 0.01119942
 0.00290049 0.00532053 0.00789202 0.00386003 0.00136943 0.01415211
 0.00782702 0.00160534 0.01277912 0.01038512 0.00397694 0.00671921
 0.02287013 0.01392809]
***************************************************************
