Selected Best Function: 4, x0*(x0*x0 + x0) + x0
Train MSE: 0.0711987791929815
Train NMSE: 8.12194136136539e-13
Test MSE: 0.06112023101219107
Test NMSE: 9.77705457988958e-13
***************************************************************
Train Residuals: [0.17128057 0.54375145 0.23752385 0.0823857  0.20071957 0.30125536
 0.00962736 0.12000817 0.04250838 0.17406004 0.54228596 0.33401279
 0.13389318 0.23937344 0.48861145 0.12231552 0.03995732 0.18647953
 0.00307984 0.02565098 0.35126617 0.53567583 0.27262537 0.0487472
 0.07028579 0.07447096 0.11821005 0.06940083 0.4719895  0.15593508
 0.18944776 0.51479482 0.06823962 0.30967365 0.082846   0.12532952
 0.1062454  0.29964845 0.17783486 0.15352941 0.132334   0.14653568
 0.34975186 0.32617242 0.06373102 0.04364841 0.72303109 0.36436583
 0.42531949 0.08445802 0.0856035  0.43586482 0.14894866 0.09937015
 0.52380136 0.2394509  0.19230983 0.11330674 0.43290206 0.02039778
 0.06241195 0.15310554 0.06804165 0.65289345 0.05431386 0.11638556
 0.1523667  0.05964983 0.00413506 0.32270725 0.14329042 0.39581664
 0.35947509 0.05080651 0.02526508 0.18257958 0.04044564 0.0062506
 0.19048136 0.33495322]
***************************************************************
Test Residuals: [0.02210523 0.00459941 0.13310614 0.18510948 0.66412493 0.02059433
 0.13483462 0.16675272 0.49239644 0.22661949 0.15277762 0.15743898
 0.14811593 0.25118909 0.12639712 0.04838167 0.26423313 0.25587994
 0.01623922 0.31873465]
***************************************************************
