Selected Best Function: 4, sin(x0) + sin(x0*x0 + x0)
Train MSE: 0.2021496239484407
Train NMSE: 0.14468507876631914
Test MSE: 0.22533747218467762
Test NMSE: 0.23300825909283565
***************************************************************
Train Residuals: [0.0719588  0.33142598 0.05324553 0.14830408 0.43724778 0.28964457
 0.27402895 0.21417552 0.51292993 0.70783442 0.15658618 0.07570209
 0.50102125 0.44276796 0.07729382 0.59282964 0.32179539 0.19473317
 0.29839383 0.07296931 0.32042133 0.04146217 0.62233864 0.18720353
 0.65673298 0.60860284 0.09881957 0.17002764 0.29879185 0.2729437
 0.41876208 0.78215287 0.09791404 0.93904635 0.43770871 0.35574699
 0.41891395 0.78861717 0.08064889 0.17158516 0.48155494 0.32971904
 0.41462592 0.56454597 0.54826639 0.14690711 0.05512134 0.47109931
 0.3105464  0.72177915 0.93024006 0.04294852 0.76362486 0.04566839
 1.25889938 0.33461636 0.26155501 0.0691935  0.43351582 0.80685387
 0.36489661 0.08076473 0.34810451 0.00867791 0.74510212 0.1898245
 0.32278115 0.37946225 0.26435889 0.31962044 0.03753423 0.32460369
 0.03555643 0.25096346 1.21473766 0.3678587  0.34276386 0.13350216
 0.1949344  0.394643  ]
***************************************************************
Test Residuals: [0.8030138  0.53866632 0.41758143 0.54527113 0.28259891 0.07067893
 0.41833136 0.11413735 0.04268947 0.10988652 1.31823097 0.15210044
 0.45738009 0.30488501 0.67295977 0.35102142 0.2246145  0.1542973
 0.14657567 0.2800446 ]
***************************************************************
