Selected Best Function: 6, (x0*x0 + x0)*(x0*x0*x0 + x0)
Train MSE: 3530.903105571645
Train NMSE: 5.185070060906403e-16
Test MSE: 4172.09766518948
Test NMSE: 6.924460279427075e-16
***************************************************************
Train Residuals: [87.45037937 84.92353535 16.11631173 34.50393025 68.9120121  59.40179086
 87.50366497 78.91577196 40.67586435 70.12842345  3.82830441 15.51756707
 80.26240826 78.31878233 22.26075892 66.9325552  26.98545732  2.83975509
  2.98838707 66.54604053 50.71772808 50.98686999 68.04722261 32.94590464
 31.99105449 84.18024826 33.1514352  74.89669418 31.56602038 95.38593674
 27.64994192 23.68446174 24.8058709   8.65639047 84.13551235 38.0701074
  2.8329809  25.86876133 51.52131379 43.27679461 80.29668522 87.24458408
  3.26917638 59.40425444 83.40326262 43.18836144 53.46340632 72.93654108
 27.298642    4.48781886 97.48194885 27.20599853 40.34337187 19.98722288
 37.11131375 64.12792516 15.76647722 22.0916582  36.86100802 83.14388609
 45.40797463 16.858076   75.92319012 98.15405083 50.95234185 92.0522604
 92.12792969  4.73304463 64.78558874 72.50779295 22.41236427 70.28142905
 90.72567558 96.40990734 98.60747528 55.19037491 20.26039651 72.78178549
 93.3882494  61.8185451 ]
***************************************************************
Test Residuals: [80.43352795 10.67156387 52.098809    6.79630149 76.52122116 45.7828103
 72.5345788  68.79503012 67.22069716 88.25435734 84.27686024 19.15764881
 79.60581398 82.34020805 99.88501549 23.50727737 27.22511269 79.75255537
 73.97975254 12.41433761]
***************************************************************
