Selected Best Function: 7, sin(x0*x0)*cos(x0) - x0/x0
Train MSE: 0.0007675786017351894
Train NMSE: 0.004068488907620208
Test MSE: 0.0010801399442920538
Test NMSE: 0.005085497686793604
***************************************************************
Train Residuals: [0.00344721 0.0098123  0.04021691 0.01408019 0.03709672 0.01309918
 0.03115808 0.00532671 0.00548623 0.05073653 0.012895   0.01882128
 0.05698173 0.0280336  0.04193153 0.06004876 0.02497889 0.01726949
 0.00647412 0.00402663 0.00052369 0.05036156 0.02174497 0.0097082
 0.01496722 0.00300413 0.00285265 0.02396408 0.01004424 0.04313304
 0.02544156 0.04222455 0.01942771 0.04690821 0.03487433 0.0460383
 0.02978898 0.0427776  0.0003257  0.00389836 0.01460411 0.01770043
 0.00570034 0.01819957 0.02048644 0.02549358 0.03905168 0.02388805
 0.0085905  0.00976833 0.046709   0.03777539 0.01309216 0.00169505
 0.02857286 0.02322756 0.00294698 0.00895975 0.00633572 0.00276728
 0.04481457 0.00527189 0.01443066 0.0097992  0.00553734 0.019912
 0.02166585 0.00531451 0.02537099 0.01923912 0.03034532 0.02254509
 0.03519304 0.02003238 0.00606384 0.03023048 0.02481511 0.08241233
 0.03207673 0.01552522]
***************************************************************
Test Residuals: [0.04405278 0.01134282 0.00626501 0.06400842 0.03088756 0.03998184
 0.05443539 0.03394759 0.02053885 0.03100268 0.00232231 0.03254559
 0.017635   0.00693267 0.04051513 0.02671568 0.01591505 0.02312859
 0.04663126 0.02458359]
***************************************************************
