Selected Best Function: 6, (sin(x0) + sin(x0))*cos(x1)
Train MSE: 0.06268438836543322
Train NMSE: 0.061007799907142786
Test MSE: 0.06684150415429474
Test NMSE: 0.05982349375419366
***************************************************************
Train Residuals: [1.17685246e-02 4.17039633e-01 6.65855006e-02 9.15048911e-02
 8.08717090e-02 2.28718695e-01 3.72460414e-01 1.25965423e-02
 9.38383373e-01 5.44616381e-02 2.31815562e-01 1.11602623e-01
 7.55518709e-01 1.62833885e-02 9.63247516e-02 1.42711163e-01
 1.58947452e-01 2.01678491e-01 3.68663902e-01 1.26569718e-01
 2.51706345e-01 4.63756322e-03 1.17473462e-01 2.41958069e-01
 2.50888932e-01 2.36424975e-03 6.03756707e-02 5.45532321e-02
 1.15939313e-01 3.32070618e-03 2.62786422e-01 2.01644859e-01
 6.44930929e-02 2.56208865e-01 1.88738950e-01 3.72260765e-01
 2.34385720e-02 2.09966468e-01 1.19721418e-01 1.65098715e-01
 2.05892839e-01 2.03910862e-01 4.86724513e-01 1.93897908e-01
 2.39602123e-01 2.43992437e-01 2.41441942e-01 4.85276215e-02
 2.79826658e-01 4.25997635e-02 1.72239278e-01 4.79723419e-02
 3.13195216e-01 2.52322631e-02 3.97196844e-02 1.73993164e-01
 3.36938926e-01 1.18740475e-02 4.45932345e-02 2.38471831e-01
 6.64811252e-02 2.60293309e-01 9.34107359e-02 6.84762683e-04
 1.39108947e-01 1.81357219e-02 2.72443508e-01 3.25404896e-01
 2.78517542e-02 1.31417833e-01 3.74262130e-01 2.04796291e-01
 5.39977097e-02 4.98789529e-01 2.38756685e-01 2.53263995e-02
 1.10798452e-01 2.06354194e-01 3.50750344e-01 5.32823150e-01]
***************************************************************
Test Residuals: [0.48705694 0.0626649  0.2053328  0.06301407 0.04404968 0.43157109
 0.06591045 0.48892122 0.07965636 0.29118594 0.25585614 0.40541773
 0.04058389 0.06896165 0.38349867 0.0391111  0.09454494 0.27640589
 0.14391494 0.18960445]
***************************************************************
