Selected Best Function: 4, x0*(x0*x0 + x0) + x0
Train MSE: 0.26218106867335994
Train NMSE: 2.9908109427403596e-12
Test MSE: 0.37746965448567277
Test NMSE: 6.038177339793494e-12
***************************************************************
Train Residuals: [2.13062179e-01 1.32675904e+00 9.31104401e-01 4.51655660e-01
 9.53048403e-01 2.30448400e-01 5.64189290e-01 9.10550969e-01
 2.21139380e-01 6.45743147e-01 1.54741352e-01 3.53386255e-01
 3.87703344e-01 5.28302133e-01 5.07630322e-01 2.70710475e-01
 8.86753361e-01 1.25364928e+00 1.01835100e-01 3.50948789e-01
 9.68904657e-02 2.12993651e-01 3.86645348e-01 1.03223846e-01
 6.57321987e-01 9.83722283e-01 4.55129388e-02 3.57990149e-01
 8.30943033e-02 9.30579454e-01 5.40702894e-01 3.02581457e-01
 1.52680924e-01 6.38991957e-01 7.80710067e-01 3.40438452e-01
 3.20701789e-01 4.72825203e-01 3.68798950e-01 6.84500138e-02
 7.39994278e-01 3.15331413e-01 1.97567582e-01 7.72004977e-01
 5.65157711e-01 4.42277268e-01 3.62357543e-01 3.29480479e-02
 4.89292643e-01 4.02376779e-01 3.33898712e-01 4.56103030e-01
 1.54060456e-01 1.70024907e-01 1.15317731e-01 4.36605801e-01
 5.83505744e-01 2.94647180e-04 1.11429024e-01 4.29076914e-02
 3.76794457e-01 7.96119797e-02 5.65852966e-01 6.14914668e-01
 3.93530622e-01 3.79364819e-01 1.52885411e-01 2.13342066e-01
 3.02284786e-01 8.46855707e-01 2.81974642e-01 6.11392066e-01
 9.59022554e-02 3.64983054e-01 5.78583875e-01 7.06427568e-01
 2.59536242e-01 9.33389079e-02 1.36991304e-01 8.29333956e-01]
***************************************************************
Test Residuals: [0.20918827 1.54661919 0.4406574  1.036376   0.05533209 1.06318628
 0.37274897 0.25552319 0.57868119 0.31131527 0.46685161 0.30154318
 0.36887863 0.03246577 0.26179845 0.66843785 0.82074444 0.22129362
 0.08336476 0.62048756]
***************************************************************
