Selected Best Function: 6, (x0*x0 + x0)*(x0*x0*x0 + x0)
Train MSE: 3304.936572659199
Train NMSE: 6.4186350376506e-16
Test MSE: 2977.052099925554
Test NMSE: 5.936787713599503e-16
***************************************************************
Train Residuals: [ 8.24099687 48.35840511 70.66083431 23.25602655  7.16797777 14.61710147
 74.60293007 28.77334008 36.43609396 68.16639185 87.04881477 96.016078
 79.37913895 78.80065393 61.25487077 15.48744986 58.39425349  1.00948209
 65.34547496 90.35310364 72.36799812 34.16047789 79.46709061 50.07074177
 11.29825722 67.9275372  85.34651184 89.12741947  7.18766799 29.58929221
 40.31818502  8.94753949 42.55571145 70.17880011 29.15532562 28.50249472
 53.37916428 59.65062428  7.87155699 28.14929965 77.99900293 32.72143224
  9.25729663 56.45520866 34.86102995 13.52138003 91.24034595 13.27284487
 47.92643726 26.13831448 46.21346688 90.23551559 78.64185333 91.9252882
 84.75193405 41.80438755 69.18430829 78.8254838  18.61701701 28.15354605
 65.8797369  10.2470135  51.57277966 96.95922852 90.57600498 94.04803944
 25.7980722  46.51236293 67.28854823 22.478127   67.43459725 57.09305692
 28.29703682 37.20093848 80.10492182 65.57092237 50.40579194 84.10244083
 12.60684056  1.44561898]
***************************************************************
Test Residuals: [68.16448641 85.16710281 97.07886696 59.04353905 75.49723864 20.13491076
 50.8349818  65.21307945 87.61077976 35.72300933  1.7487261  41.81834903
 51.0326013  48.81551826 11.06946784  3.17917163 28.07381862 12.6035275
 50.7413224  49.43044353]
***************************************************************
