Selected Best Function: 4, x0*(x0*x0 + x0) + x0
Train MSE: 7.547358406430664e-10
Train NMSE: 1.0296220677652895e-20
Test MSE: 1.0830349095396697e-09
Test NMSE: 7.870618493202479e-21
***************************************************************
Train Residuals: [1.27567910e-05 2.86130007e-05 3.34079377e-05 1.09358309e-05
 2.37366039e-05 2.30374135e-05 1.82542281e-05 6.85488340e-06
 4.50906809e-05 3.27742309e-05 6.40211510e-06 2.93089324e-05
 9.75301373e-06 3.37783131e-05 4.02091937e-05 1.31097622e-05
 4.17033698e-05 2.50438461e-05 3.66282329e-05 2.99212406e-05
 1.63548393e-05 3.65508561e-05 4.04412276e-06 2.95832288e-05
 9.67853703e-06 5.84986174e-06 1.51622990e-05 4.89965605e-05
 1.78750000e-05 4.31149383e-05 1.54229071e-05 6.13273005e-06
 4.66870843e-05 3.67213506e-05 3.78293917e-05 3.19430837e-05
 2.60608331e-05 3.96972700e-06 1.26087980e-05 3.51448240e-05
 7.68330938e-06 2.58751097e-05 3.82446124e-05 1.16470000e-05
 1.22295460e-05 2.99585590e-05 3.14146746e-05 3.87806213e-05
 2.42039096e-05 4.16606199e-05 3.45069510e-05 1.47330575e-05
 2.94944039e-05 4.48368955e-05 2.42209062e-05 4.00383506e-05
 8.82890163e-07 4.39551695e-06 4.47328785e-05 2.54348561e-05
 1.47623120e-05 2.35215412e-05 2.64475530e-05 3.91346985e-05
 2.10821163e-05 4.86214994e-05 2.72170873e-05 1.81997048e-05
 1.94698805e-06 1.34788210e-05 3.82609917e-05 1.04320061e-05
 1.46483190e-05 1.00566467e-06 1.04961582e-05 3.86228203e-05
 1.41697819e-05 3.34158540e-06 2.90010248e-05 2.08015408e-05]
***************************************************************
Test Residuals: [4.73362161e-05 2.17526685e-05 2.18240020e-05 3.89501220e-05
 1.51873828e-05 2.37212153e-05 4.94406559e-05 3.35178775e-05
 4.26011393e-05 2.12769091e-05 1.91498248e-05 2.24224630e-05
 3.22996348e-05 4.96396250e-05 2.49342811e-05 3.90639179e-05
 2.22524080e-05 9.40915197e-06 4.49577346e-05 3.45718217e-05]
***************************************************************
