Selected Best Function: 3, x0**(x0/(x0 + x0))
Train MSE: 8.774195269063327e-10
Train NMSE: 1.790189407565832e-10
Test MSE: 7.074598545933793e-10
Test NMSE: 1.8835334061916298e-10
***************************************************************
Train Residuals: [1.76502933e-05 1.69696253e-05 3.93205742e-05 4.27825500e-06
 1.97422133e-05 3.48729590e-06 2.28939137e-05 4.77654225e-05
 1.15167607e-05 1.86652711e-05 1.32953361e-05 4.44987412e-05
 7.59754146e-06 4.69618525e-05 2.17621824e-05 2.86563208e-06
 2.09286390e-05 2.39351347e-05 4.83888977e-05 2.56744770e-05
 1.32801108e-05 8.50843016e-06 6.48049297e-06 4.18284161e-06
 2.63526757e-05 1.17162736e-05 7.51985845e-06 3.00459809e-05
 2.38288602e-05 1.36168135e-05 4.45289502e-05 3.93620936e-05
 1.88441937e-05 2.21014357e-06 4.88120004e-05 5.69276662e-06
 3.63205950e-05 2.34237808e-05 4.47427277e-07 4.04472238e-05
 4.27034631e-05 7.20293423e-06 1.87054263e-05 3.85060373e-05
 8.15340740e-06 3.78335596e-05 4.02325693e-07 3.77566554e-05
 1.65446637e-05 2.55375447e-05 3.65512436e-05 1.48849178e-05
 1.15923265e-05 2.43267074e-05 3.71347760e-05 2.72700365e-05
 2.13544573e-05 1.48614165e-05 4.42597266e-05 3.92352994e-05
 4.71815200e-05 4.66836085e-05 4.18625177e-05 2.41455589e-05
 3.73598655e-05 4.57156274e-05 2.02977928e-05 3.41239423e-05
 4.06221519e-05 3.97592790e-05 3.97449616e-05 3.43996348e-05
 4.06320018e-05 4.73292888e-05 3.86965196e-05 2.77356714e-05
 3.99483229e-05 2.87419380e-05 1.43329858e-05 6.52741236e-06]
***************************************************************
Test Residuals: [1.56390590e-05 3.90877572e-06 2.51742531e-05 3.61162910e-05
 1.60284300e-05 3.67104273e-05 1.19732610e-05 3.67546721e-05
 3.16486289e-05 1.44075864e-05 2.57857346e-05 2.36865005e-05
 4.52171658e-05 3.15441446e-05 1.70189052e-05 1.28343795e-05
 8.85402989e-06 2.55973784e-05 4.31281391e-05 1.81538896e-05]
***************************************************************
