Selected Best Function: 5, (cos(x1) + cos(x1))*sin(x0)
Train MSE: 0.06560535556286899
Train NMSE: 0.07123820748372756
Test MSE: 0.04379804196335306
Test NMSE: 0.0687626699571439
***************************************************************
Train Residuals: [0.2513444  0.18568959 0.27395844 0.47079419 0.37166115 0.12451308
 0.05104077 0.13369984 0.06498993 0.21677054 0.23871074 0.21407139
 0.11860768 0.0695135  0.00915363 0.04260401 0.15227148 0.51165031
 0.04078139 0.31523108 0.52969396 0.08383352 0.02364612 0.3090852
 0.02600186 0.22752614 0.35376885 0.14201921 0.19907926 0.39695857
 0.52298218 0.06338503 0.25556097 0.58272559 0.1733843  0.04034845
 0.13483439 0.20591176 0.07698756 0.28724086 0.02734188 0.21309455
 0.23145867 0.08824262 0.39690693 0.43481093 0.25736072 0.28056851
 0.15089638 0.21201149 0.16045892 0.13020276 0.04772506 0.14959189
 0.18909047 0.21775444 0.1919749  0.0053422  0.13365023 0.40389036
 0.01512428 0.01934742 0.03744445 0.00946329 0.17135743 0.17118956
 0.16456607 0.75620375 0.06873482 0.09827411 0.27215853 0.50745016
 0.34838873 0.14605253 0.18540844 0.08223683 0.12794076 0.07643899
 0.47989029 0.01267795]
***************************************************************
Test Residuals: [0.13241619 0.02716456 0.44933256 0.16569985 0.14621933 0.01520706
 0.00688737 0.00845889 0.13360377 0.10694666 0.23786736 0.08164965
 0.00422608 0.12685055 0.04230565 0.25566754 0.51140707 0.1289612
 0.16191948 0.35555108]
***************************************************************
