Selected Best Function: 4, sin(x0) + sin(x0 + x0*x0)
Train MSE: 0.05136399564179506
Train NMSE: 0.04628967522026923
Test MSE: 0.06295303942678968
Test NMSE: 0.06659123137241044
***************************************************************
Train Residuals: [0.29567179 0.03740578 0.17528319 0.01963935 0.33228636 0.07958468
 0.11511771 0.07782853 0.45687005 0.45687745 0.02417652 0.04003734
 0.16075076 0.44624602 0.08074705 0.01385733 0.22045171 0.17723012
 0.54909156 0.16420481 0.05076641 0.31179043 0.10350695 0.11555913
 0.26112477 0.18601809 0.36317716 0.03253228 0.29807075 0.62578903
 0.01133192 0.20077487 0.00992689 0.23177897 0.1926717  0.25169392
 0.32959308 0.08124583 0.20129646 0.15165262 0.2838853  0.179534
 0.15810253 0.23510652 0.31100142 0.06711367 0.2049723  0.04528163
 0.02881427 0.0927448  0.18720865 0.01460089 0.43804481 0.12640377
 0.00091885 0.03142572 0.06263165 0.25496026 0.09725288 0.38209826
 0.12130495 0.06405289 0.06681787 0.385258   0.2391309  0.00170159
 0.21834515 0.14998662 0.19443953 0.05370366 0.24568091 0.26496024
 0.06145539 0.09142407 0.34544462 0.22735442 0.02165495 0.1195445
 0.09209179 0.2945239 ]
***************************************************************
Test Residuals: [0.17818561 0.3742032  0.16146815 0.23211636 0.48116377 0.02874143
 0.23894324 0.0203889  0.14967029 0.08916955 0.0019615  0.21314315
 0.31421127 0.03257152 0.13629789 0.24429963 0.27752269 0.59003182
 0.00793608 0.19601984]
***************************************************************
