Selected Best Function: 4, x0*(x0*x0 + x0) + x0
Train MSE: 0.012931589810342314
Train NMSE: 2.0928415659814615e-13
Test MSE: 0.009298062486824936
Test NMSE: 1.278370626669364e-13
***************************************************************
Train Residuals: [0.03052215 0.11741385 0.15054264 0.00513786 0.15130625 0.02756792
 0.13042055 0.00199968 0.08746459 0.07688844 0.00518698 0.06685563
 0.16619338 0.01567947 0.05396734 0.07533458 0.06090706 0.2153717
 0.18610393 0.01397138 0.18401797 0.03266388 0.05232395 0.10593994
 0.04279144 0.03456564 0.16967356 0.0511443  0.02400791 0.048829
 0.05129047 0.09248774 0.08919634 0.06749478 0.08420127 0.13720323
 0.0900816  0.13615041 0.14204543 0.0950849  0.00076781 0.10460299
 0.03111417 0.02999205 0.02118525 0.20799939 0.06792948 0.00854676
 0.13979896 0.14307277 0.04316573 0.11085039 0.06212274 0.15512834
 0.08394522 0.12328035 0.09608583 0.22799183 0.2193474  0.04569212
 0.29678072 0.07268277 0.19205681 0.05056046 0.08868392 0.09708797
 0.1111474  0.19583371 0.00152961 0.0312987  0.04914774 0.10208782
 0.02152658 0.00214651 0.09207338 0.10288466 0.03390951 0.0904885
 0.23680164 0.22075754]
***************************************************************
Test Residuals: [0.11333293 0.04866741 0.05732222 0.03664028 0.04559172 0.04187429
 0.13191019 0.22826745 0.05988872 0.09656471 0.03180853 0.07543696
 0.06103202 0.09193426 0.02449142 0.06585931 0.14929227 0.08991037
 0.14279264 0.07274504]
***************************************************************
