Selected Best Function: 4, x0*(x0*x0 + x0) + x0
Train MSE: 8.962898210908355e-10
Train NMSE: 1.1746894570499608e-20
Test MSE: 6.766221459445078e-10
Test NMSE: 1.5324950097377e-20
***************************************************************
Train Residuals: [3.51709314e-05 3.21656989e-05 1.59692718e-06 4.74749836e-05
 3.27418093e-06 1.75691493e-05 2.16460758e-05 4.12071822e-05
 2.12107552e-05 3.61520000e-05 2.77132058e-05 5.07483492e-07
 4.94340429e-05 1.67351227e-05 2.40626978e-05 4.03861977e-05
 3.94828385e-05 5.89585397e-07 4.98152222e-05 1.68773659e-05
 4.23314632e-05 3.61540369e-05 2.33458750e-05 1.07740871e-05
 2.83279805e-05 1.66490230e-05 3.62219296e-06 3.70439666e-05
 4.66868223e-05 1.61709686e-05 2.22095186e-05 3.98163265e-05
 3.05002322e-06 4.85119170e-05 4.90376406e-05 1.50326105e-06
 2.47380610e-05 4.71986590e-05 1.92890038e-05 4.26569895e-05
 3.35096249e-05 2.02118463e-06 3.17800914e-05 4.31324588e-05
 3.54047393e-05 1.77652109e-05 4.90713282e-05 3.10377218e-05
 4.30521322e-06 1.39017357e-05 3.58997349e-05 4.80527760e-05
 3.20968611e-05 1.72036234e-05 1.45996455e-06 4.38742572e-05
 8.42782902e-06 3.16130008e-05 1.21889898e-05 3.87935434e-05
 5.16115688e-06 3.43295978e-05 5.23163180e-07 1.05468749e-05
 3.66754248e-05 2.97278166e-06 1.16652227e-05 4.73242835e-05
 4.14520036e-05 1.02767630e-05 1.65366218e-05 2.12895684e-05
 4.87832003e-05 2.38942739e-05 2.05094984e-05 2.06151926e-05
 1.90405117e-05 3.40229017e-05 4.39637500e-06 2.64811679e-05]
***************************************************************
Test Residuals: [4.98810041e-05 2.50933226e-06 3.48893336e-05 2.01696093e-05
 1.90294959e-05 1.60720083e-05 1.94762833e-06 1.53109710e-05
 2.04471677e-05 1.65974529e-05 3.05978756e-05 2.61506557e-05
 2.80208769e-06 3.20570543e-05 4.16191324e-05 2.43734103e-05
 2.35146435e-05 4.58219474e-05 5.05242497e-06 1.42061836e-05]
***************************************************************
