Selected Best Function: 6, (x0 + x0*x0*x0)*(x0*x0 + x0)
Train MSE: 2641.80285958531
Train NMSE: 5.2174895656594455e-16
Test MSE: 3287.8306691135213
Test NMSE: 5.007665048923119e-16
***************************************************************
Train Residuals: [25.99691355 49.04661113 79.92572546 14.53827726 26.40471432 72.28193474
 65.40896273  6.16732981 52.42569274 78.21585131 48.94820195  4.56121
 12.59658562 25.45807396 14.73611432 89.86954689 80.25669098 55.54136252
 31.14745618 65.49832582 23.72149532  8.67249231  2.85441115 37.03119029
 28.60733572 89.3899374  51.33720434 42.33171481 89.79246521 73.41155624
 41.61694162 83.12419462 61.61322021 13.21462686 80.09874296 98.6328907
 31.62259758 53.17291349 72.54869342 97.58096695  8.56046516  7.10795302
 38.95715897 35.06864063  7.03896406 37.20508116 98.85620308  1.25900569
 44.4665429  70.25745821 10.87734598 28.8620136  19.45072078 16.87154334
 92.71826649 43.9805598  22.59856743 48.69050211 35.98924128 49.7359463
 39.38250323 40.18366076 84.35864544 56.63570416 22.95164789 16.79099673
 67.0550456  72.03712511 43.14568728  8.04609325  3.9384669  11.3180314
 33.7358164  76.43017387  4.17992755 20.83184266 64.60095096 14.21947647
 34.36473709 36.75130659]
***************************************************************
Test Residuals: [15.9239231   2.6485191  91.78022194 47.39645237 62.14938509 81.4041853
 71.97819972 48.21012923 19.3687442  32.47955015 41.19133511 43.74348781
 41.43129908 93.5501194  91.11308098  9.10614206 89.99813747 56.84828615
 16.23532438 36.65747125]
***************************************************************
