Selected Best Function: 4, x0**(x0/(x0 + x0))
Train MSE: 0.0008806711903923712
Train NMSE: 0.0001798376575823971
Test MSE: 0.0007122701443361974
Test NMSE: 0.000189358063745107
***************************************************************
Train Residuals: [0.03872004 0.00725666 0.0460423  0.01749684 0.00607268 0.00180069
 0.04893262 0.03956303 0.0713921  0.01112552 0.04339779 0.02121703
 0.00925349 0.02085691 0.00409368 0.01872718 0.03768886 0.00839038
 0.0180581  0.03446205 0.00878001 0.00421377 0.02134582 0.06668609
 0.03619669 0.00491587 0.03994509 0.02142574 0.03269866 0.00877826
 0.0188217  0.01130777 0.01734606 0.01912839 0.03417721 0.00706245
 0.07188046 0.01207614 0.0420054  0.06159763 0.03406537 0.02715724
 0.02354182 0.00806815 0.00940577 0.01797468 0.04596684 0.02364217
 0.01881948 0.02688314 0.00533904 0.01007578 0.0117821  0.00972529
 0.04871472 0.02389893 0.02591729 0.01620635 0.01578518 0.04576389
 0.00148456 0.0331549  0.02939225 0.0111385  0.00615833 0.06524078
 0.01298945 0.01643063 0.04041929 0.02029625 0.02913611 0.02405401
 0.02185318 0.00625674 0.0124077  0.01708428 0.03383578 0.04768135
 0.0161535  0.00758717]
***************************************************************
Test Residuals: [0.01531447 0.05222458 0.01813515 0.04049206 0.00211999 0.01156927
 0.01321797 0.01031365 0.04126368 0.00450642 0.00751422 0.00909006
 0.00645919 0.04124037 0.00071993 0.02368986 0.0561986  0.02782725
 0.01690517 0.02260115]
***************************************************************
