Selected Best Function: 10, x0*(x0*x0 + x0) + x0*x0*x0*x0
Train MSE: 3769.0121410687716
Train NMSE: 4.506499557531868e-12
Test MSE: 3052.2336436322794
Test NMSE: 5.448523496354051e-12
***************************************************************
Train Residuals: [89.52046815 36.46005717 62.75207366 12.4125981  35.37313963 70.79207211
 20.66494527  7.30409182 47.42483892 18.63982755  6.45616833  5.73034073
 66.29621902 64.83334858 81.74292187 71.87153902 41.94196155 42.52945758
 93.0855931  66.16947317 58.16040164 26.84630056 26.4846954  63.37037057
 95.96743025 72.37838617 33.86168046 72.43751917 85.66120106 10.51189054
 51.35376711 61.97662464  1.4616121  98.02525046  9.51705841 79.91287446
 35.86547318 69.10559904 17.8492736  34.67076868  5.0925801  82.12691622
 95.66051412 66.7197999   3.08394706 99.05988792 22.92205631 74.37180113
 91.55121991 95.70890087 99.32241057 52.51524856 92.06567256 57.44271556
 11.1378833  39.74289783 53.41135607 92.4607511  22.01254385 77.74804878
 68.43955245 83.58719613 65.9348928  33.43728936 49.32539127 31.37212894
 80.59469093 55.37298946 54.98229539 87.64191225 33.27308324 31.49401956
 96.59866165 54.02450255 79.41086294 65.523307   71.97658516 46.63375165
  4.55149877 58.17069151]
***************************************************************
Test Residuals: [73.95347342 70.0463592  23.68520473 13.0083042  53.16476052  6.85540227
 44.72819118 96.18890543  3.39707069  3.16785424 49.10451842 73.14047753
 64.03841437 55.66546526 72.79192645  4.46400098 18.64078468 15.80570566
 84.05769916 88.59427432]
***************************************************************
