Selected Best Function: 4, x0**(x0/(x0 + x0))
Train MSE: 0.0012299667752932748
Train NMSE: 0.0002622222599399135
Test MSE: 0.0005982270653467207
Test NMSE: 9.16067760134636e-05
***************************************************************
Train Residuals: [0.05433008 0.01005504 0.0173162  0.01969285 0.09355912 0.04421971
 0.00337846 0.00585251 0.00687091 0.028516   0.03667153 0.04074685
 0.00980121 0.03561127 0.03113721 0.02225581 0.04022605 0.00578166
 0.01431847 0.02361071 0.01283771 0.04383686 0.01772492 0.00918015
 0.00365556 0.00574819 0.04435978 0.0710015  0.03769354 0.03292454
 0.01221488 0.00620654 0.00501809 0.00510018 0.11401305 0.01025731
 0.01604848 0.04730774 0.04170528 0.02732725 0.02127093 0.03469771
 0.00988924 0.05150192 0.08400045 0.06741998 0.01759489 0.04852725
 0.00262855 0.00224152 0.03769805 0.00282811 0.04146945 0.03722764
 0.0094907  0.0424519  0.01599365 0.01458656 0.02427238 0.05937027
 0.04042875 0.01577557 0.01488706 0.04442687 0.01868725 0.00801366
 0.02719768 0.01271977 0.02296736 0.04785325 0.00292859 0.009437
 0.00730171 0.01316922 0.00535507 0.02631266 0.00645635 0.03804873
 0.03440086 0.05291978]
***************************************************************
Test Residuals: [0.02947285 0.02814805 0.02580766 0.04891121 0.0077139  0.01579316
 0.01749245 0.02781177 0.00243145 0.04802887 0.03298295 0.00735384
 0.00888402 0.00755731 0.00752859 0.0371609  0.00492864 0.00301929
 0.01949197 0.02037636]
***************************************************************
