Selected Best Function: 4, sin(x0) + sin(x1*x1)
Train MSE: 0.007005985130082387
Train NMSE: 0.006560705269239998
Test MSE: 0.007410467330784572
Test NMSE: 0.008805951721671383
***************************************************************
Train Residuals: [0.09809492 0.04819611 0.19481293 0.06474992 0.09315473 0.10885372
 0.02855772 0.06823805 0.02760281 0.01000959 0.03739076 0.04825115
 0.06762512 0.10969813 0.00270923 0.02091501 0.0380068  0.00921782
 0.21545305 0.07472954 0.09574055 0.08205167 0.01904093 0.06294612
 0.02707353 0.10498126 0.05834742 0.04105262 0.0611063  0.00195545
 0.06171304 0.00362263 0.08269885 0.06241484 0.00417122 0.10014755
 0.09612447 0.01851363 0.03481687 0.02186351 0.12603875 0.01287006
 0.07483249 0.00982186 0.10303958 0.0288882  0.0425539  0.18730023
 0.022181   0.1636488  0.15918846 0.11156394 0.07381054 0.06824846
 0.14657626 0.08346798 0.14977936 0.06080973 0.03651213 0.01099988
 0.04442771 0.09486676 0.06774957 0.06024634 0.01099952 0.05513914
 0.17587449 0.0310411  0.12807599 0.04890745 0.11021949 0.04461111
 0.08712514 0.0844035  0.02264098 0.0238405  0.06395958 0.06900026
 0.02641331 0.12128624]
***************************************************************
Test Residuals: [0.13940056 0.03490868 0.22494445 0.1042942  0.03981899 0.02744247
 0.02244206 0.11985308 0.02742162 0.03691249 0.14225493 0.0682786
 0.02527156 0.0688276  0.03189436 0.08643091 0.01832686 0.06116218
 0.06261291 0.00068026]
***************************************************************
