Selected Best Function: 3, log(x0**3)
Train MSE: 0.013296498875079452
Train NMSE: 0.0023382057095058246
Test MSE: 0.04081721177018414
Test NMSE: 0.0038843574032698344
***************************************************************
Train Residuals: [1.93945999e-03 1.18052418e-01 6.39818011e-02 9.03183176e-02
 7.01434231e-03 3.54810328e-02 9.53739455e-02 8.14268434e-02
 4.74372978e-02 7.85719830e-02 2.01824642e-04 5.91154872e-02
 9.42811792e-02 3.49486276e-02 2.44442165e-02 8.86084692e-02
 1.32798721e-01 6.78895187e-03 6.49660155e-02 1.21992043e-01
 6.14769908e-02 1.01210627e-01 7.20523341e-02 9.29226464e-02
 1.21101920e-01 6.46236037e-03 1.25031336e-01 1.62391687e-01
 2.11694124e-02 7.00268004e-02 2.18272018e-02 2.66592267e-02
 5.38005060e-02 1.74954426e-01 2.85790643e-01 1.99133610e-01
 2.80287994e-02 2.61523535e-02 3.80538433e-03 4.20327198e-01
 1.29362520e-02 1.36878068e-02 1.42299427e-01 2.69902574e-02
 8.81382542e-02 1.06190265e-01 1.46146816e-01 5.38452274e-02
 1.25049082e-01 6.58651346e-02 1.95797826e-01 2.16191008e-01
 1.16136266e-02 5.84361871e-02 8.49303864e-02 2.98284295e-02
 7.71729576e-02 3.04788853e-02 2.59996144e-02 6.40323762e-02
 1.95980028e-03 1.74385616e-01 7.93056486e-02 2.63017467e-01
 1.36066539e-01 1.56892209e-01 2.67449828e-02 5.41367025e-02
 8.56954591e-03 3.82445743e-03 2.01059948e-01 1.46757944e-01
 1.50505479e-01 2.21241725e-01 6.79184223e-02 1.05206271e-01
 3.79653801e-03 3.60141306e-02 1.38853513e-01 1.16443446e-01]
***************************************************************
Test Residuals: [0.48986729 0.00213112 0.07552311 0.43841832 0.13469075 0.20994943
 0.04470076 0.00704784 0.03683487 0.0150174  0.10302979 0.17112577
 0.02494544 0.14883232 0.09207719 0.28147477 0.34472994 0.05515849
 0.19821322 0.03250261]
***************************************************************
