Selected Best Function: 6, log(x0**3 + x0**2 + x0)
Train MSE: 7.562433607086847e-05
Train NMSE: 1.3387286692678972e-05
Test MSE: 0.0007582878766458227
Test NMSE: 8.987921675059437e-05
***************************************************************
Train Residuals: [0.0043723  0.01129635 0.00207116 0.00203627 0.00768779 0.00627951
 0.01627569 0.00262049 0.0127993  0.00068016 0.01723985 0.01458569
 0.00322    0.00107931 0.01277849 0.00083555 0.00230839 0.00049452
 0.00085529 0.00414746 0.01478395 0.00405391 0.00579459 0.01104383
 0.00878229 0.00427419 0.00446454 0.0048002  0.00153308 0.01299365
 0.01401893 0.00304199 0.00696573 0.00162673 0.00854105 0.00047453
 0.00055598 0.00759544 0.01195043 0.00687163 0.0104817  0.01622253
 0.00547381 0.00101541 0.00611625 0.00174566 0.0025464  0.00014371
 0.01217824 0.00847286 0.00411626 0.00492111 0.00616007 0.0039707
 0.01118547 0.00075617 0.01438813 0.0098276  0.00119915 0.00556524
 0.00476223 0.01615951 0.0149233  0.00179539 0.01654725 0.0119803
 0.00058634 0.00063476 0.01458608 0.00846553 0.00445011 0.0168134
 0.0046086  0.00811116 0.01197047 0.00962445 0.00536939 0.00234167
 0.00520659 0.0156905 ]
***************************************************************
Test Residuals: [0.01715057 0.0079011  0.00752197 0.00533522 0.00346811 0.00711884
 0.00843751 0.01475658 0.00088227 0.00690024 0.00280398 0.11790156
 0.00069478 0.00090921 0.00930409 0.01236982 0.00533172 0.00513189
 0.00399649 0.0101899 ]
***************************************************************
