Selected Best Function: 6, (x0*x0 + x0)*(x0*x0*x0 + x0)
Train MSE: 3421.4147787899274
Train NMSE: 4.60114272733296e-16
Test MSE: 2955.283113467909
Test NMSE: 6.648693580187666e-16
***************************************************************
Train Residuals: [64.71819592 88.47132301 39.55454966 57.99883544 14.99358046 57.33912253
 53.63910097 48.60775703  3.73748567 86.39952183 70.96318889  4.07961637
 50.10658675 78.63291168 95.83947086 69.71154213 11.67007595 99.67074013
 37.37942563 99.42875099 31.70175113 71.36613083 67.59389329 31.8111185
 61.81169772  8.66828309 63.90929508 24.69980799 74.34803104 23.82315594
 91.93485165 25.91355249 41.78842746 79.25048494 27.94291884 49.09356171
 46.21322909 79.86227894 41.4224378  78.62743711  5.42974838 98.3297863
 27.48137302 79.10137177 30.62911778 98.82484055 92.69006348 45.81723031
  6.46403372 64.87012982 30.21254577 49.96623027 31.34053395 41.90974443
 76.3416419  43.78653941  2.39192518 86.09534645 32.59629399 21.02674694
 57.36014497 90.77904606 91.07767391 25.45971673 64.20814443 92.50865269
  1.11284948 23.8471053  37.29166418 55.79075921 87.63753986 39.23271339
 60.53359997 56.26424968 28.670784   27.77135452 24.38729553 25.95017511
 50.22344863 58.67003202]
***************************************************************
Test Residuals: [11.22116829 14.98147913 70.11218786 26.82811491 97.25862312 82.20227766
 58.24400938 27.13155342 30.52411045 65.76924205 74.13217449 82.59346294
 32.26072767 33.78429919 50.65189832 26.98149844 18.33863485 20.37142822
 73.94807625 59.202654  ]
***************************************************************
