Selected Best Function: 7, log((x0 + 1)*(x0**2 + 1))
Train MSE: 0.0008512512986545851
Train NMSE: 0.0001357780404807074
Test MSE: 0.0005741655487467036
Test NMSE: 9.844540491271861e-05
***************************************************************
Train Residuals: [0.00101458 0.02830119 0.03319256 0.02643335 0.01078878 0.0477532
 0.02988401 0.01029564 0.00268705 0.01687625 0.00751649 0.01150181
 0.03323082 0.01963584 0.03139003 0.04955861 0.03164904 0.00519422
 0.01672527 0.03729751 0.00117741 0.0267848  0.0011883  0.05026779
 0.0079603  0.03312459 0.01921644 0.00777501 0.01373967 0.01225437
 0.06424135 0.02437991 0.00735161 0.00922671 0.01172926 0.00633368
 0.01270516 0.02756182 0.01693793 0.05548565 0.02179773 0.02365131
 0.02471785 0.03146861 0.00705425 0.01467159 0.00551424 0.02502357
 0.04279518 0.00131685 0.04445705 0.03258391 0.01786186 0.00070094
 0.01694179 0.02845645 0.01418128 0.02428743 0.02116074 0.00192766
 0.01147057 0.08337171 0.0182429  0.06555325 0.0429236  0.02011349
 0.05849798 0.05316829 0.01454665 0.0386558  0.0397638  0.00858207
 0.01221912 0.04327258 0.00157691 0.04030574 0.01969643 0.02543642
 0.00456464 0.01131193]
***************************************************************
Test Residuals: [0.03296001 0.04024626 0.00733702 0.01193324 0.01254476 0.00409519
 0.00338583 0.02971042 0.01052667 0.04631586 0.01652998 0.03226844
 0.01750776 0.04114535 0.00569002 0.00564169 0.00189087 0.03051363
 0.02622014 0.01601118]
***************************************************************
