Selected Best Function: 7, x0*(x0*x0 + x0)*(x0*x0*x0 + x0)
Train MSE: 16711029.091852952
Train NMSE: 4.846995516162414e-16
Test MSE: 24646379.95618674
Test NMSE: 2.7181450913952714e-16
***************************************************************
Train Residuals: [2.73098069e+03 6.62405951e+03 2.82516918e+03 1.47848332e+01
 1.20068595e+03 6.82894427e+03 6.13519662e+03 6.77523103e+01
 4.07460571e+03 5.01755584e+02 2.21880356e+01 3.50493223e+02
 4.85296838e+01 4.66758873e+03 9.22976245e+03 5.74933795e+01
 3.04708255e+03 8.13020142e+03 7.16258020e+03 8.86659462e+01
 2.77941059e+03 6.64372339e+03 1.93499663e+03 1.23304125e+03
 4.87149150e+03 6.73746767e+01 4.18089633e+02 1.06150735e+03
 4.97619426e+03 1.73583953e+03 5.60015796e+03 1.15583683e+02
 4.70256177e+03 7.99105433e+02 7.19709320e+03 4.36767543e+03
 9.79765027e+02 3.96211262e+03 1.42431795e+03 4.62639424e+03
 1.57531680e+03 2.03665712e+03 3.83606646e+03 5.82813266e+03
 4.43204025e+02 3.86948346e+03 1.45740728e+03 5.57661407e+03
 8.07445953e+03 1.78123421e+03 8.50940125e+03 1.33047105e+03
 6.47069524e+02 9.38553357e+03 1.85298979e+03 5.49687152e+03
 3.28314572e+03 2.77216062e+02 3.75460587e+01 2.98687157e+03
 1.84281171e+03 2.62871936e+01 1.67930517e+03 2.79883018e+02
 8.77337794e+00 4.02081732e+03 4.91918988e+02 1.58884745e+02
 3.76165483e+03 6.48175247e+03 8.30381159e+02 3.20043983e+02
 5.30230862e+03 9.14993945e+03 1.04702432e+03 2.29075300e+01
 3.92253722e+03 5.52884818e+03 1.60638220e+03 6.06742603e+03]
***************************************************************
Test Residuals: [1.95759934e+03 4.73035957e+03 7.17714008e+03 3.50360922e+03
 1.81030346e+00 5.50514221e+03 8.26474756e+03 8.25988235e+02
 9.91187915e+03 2.87745288e+03 3.46057422e+03 6.14324692e+02
 6.66334949e+03 2.86407338e+03 1.67248824e+03 1.00734905e+04
 2.62352287e+03 3.38731922e+03 7.48833940e+02 2.99439543e+03]
***************************************************************
