Selected Best Function: 4, x0*(x0*x0 + x0) + x0
Train MSE: 0.009431819096842656
Train NMSE: 1.075927207078897e-13
Test MSE: 0.010418916314816966
Test NMSE: 1.6666558159080153e-13
***************************************************************
Train Residuals: [0.0078088  0.13037815 0.07447846 0.04508184 0.16195277 0.02687258
 0.14692481 0.03407569 0.06106749 0.10493418 0.17643416 0.06573839
 0.11665769 0.0983258  0.0846727  0.0313191  0.09937798 0.2263594
 0.05681113 0.01769531 0.03088431 0.07630642 0.05990047 0.05384019
 0.22086364 0.09789529 0.09841331 0.06363157 0.01006263 0.05805854
 0.22589059 0.10282901 0.00596405 0.02472747 0.06559095 0.16091245
 0.12072217 0.01737926 0.19103747 0.09030178 0.1017275  0.01561536
 0.00334683 0.02959909 0.06960035 0.08771406 0.01148423 0.08435024
 0.0497631  0.05356663 0.01151374 0.04157276 0.10415165 0.16886383
 0.03467804 0.01522601 0.1161101  0.03750598 0.03887519 0.00790824
 0.15415916 0.01393859 0.03442356 0.11281568 0.01591716 0.01749082
 0.05707439 0.12033435 0.26709481 0.06241195 0.05115903 0.00354468
 0.02396399 0.16836082 0.05414151 0.00407405 0.14807451 0.00733955
 0.04211671 0.08802072]
***************************************************************
Test Residuals: [0.12005584 0.12906225 0.13165388 0.01060967 0.09593767 0.10773169
 0.05837147 0.05666706 0.09788201 0.15379529 0.07263515 0.00110605
 0.08605477 0.01135935 0.20757571 0.04748583 0.06159649 0.00247553
 0.19298368 0.00174624]
***************************************************************
