Selected Best Function: 9, sin(x0*x0)*cos(x0) - x0/x0
Train MSE: 0.0009111512575620699
Train NMSE: 0.003662995169156378
Test MSE: 0.0005463945787307977
Test NMSE: 0.002124250520317384
***************************************************************
Train Residuals: [0.01449174 0.0322652  0.01566868 0.04579345 0.05224789 0.02245202
 0.00457079 0.04336637 0.04035811 0.05263911 0.00840886 0.02811117
 0.01492782 0.02554445 0.00952837 0.03614776 0.03349542 0.00800379
 0.01379199 0.00063748 0.02049507 0.00676131 0.00286885 0.01690182
 0.01446826 0.02532556 0.02275095 0.00878315 0.00625967 0.05506008
 0.04098765 0.0026114  0.03720852 0.02916569 0.017348   0.06573544
 0.00799796 0.02304117 0.0168112  0.02223683 0.01861157 0.01097345
 0.04851099 0.02437488 0.0291747  0.00159278 0.03123058 0.02671565
 0.03228327 0.04960895 0.0458583  0.0087652  0.0080426  0.01057734
 0.01611645 0.01864439 0.0349306  0.01970947 0.03382521 0.01538294
 0.04100232 0.07012727 0.0607418  0.02164155 0.01268674 0.00928471
 0.00603225 0.02671895 0.02680071 0.02644401 0.02687981 0.00594556
 0.03077717 0.04580172 0.03377236 0.06379863 0.00065129 0.03079806
 0.03882042 0.00245077]
***************************************************************
Test Residuals: [0.00532806 0.01374841 0.02482221 0.00869921 0.0198648  0.01027829
 0.02867506 0.03467589 0.00849241 0.01421261 0.00162059 0.02694592
 0.0199973  0.02535971 0.0045329  0.03401719 0.03548229 0.03175936
 0.03187051 0.03141346]
***************************************************************
