Selected Best Function: 4, x0*(x0 + x0*x0) + x0
Train MSE: 0.01205047806008984
Train NMSE: 1.3958758383511464e-13
Test MSE: 0.012245463360380274
Test NMSE: 1.1211101376749895e-13
***************************************************************
Train Residuals: [0.09251885 0.00566375 0.00846441 0.02946312 0.10417277 0.0176946
 0.01670653 0.07907715 0.12045328 0.05403278 0.05919674 0.21505755
 0.00188933 0.08021848 0.03593956 0.14497054 0.04581401 0.03887198
 0.06800559 0.0662048  0.06776506 0.34873549 0.12252745 0.03582718
 0.24283257 0.0257475  0.01334661 0.16521075 0.07941738 0.12890081
 0.11866693 0.21772691 0.11549243 0.01444571 0.05553736 0.07027479
 0.03124001 0.14747244 0.04183475 0.09905926 0.03353239 0.01231869
 0.03931888 0.02133182 0.02076831 0.06709238 0.00672575 0.08383423
 0.03991293 0.03630548 0.04734036 0.12470548 0.03144683 0.12173727
 0.04764581 0.0869013  0.11826711 0.1154959  0.07091489 0.01585103
 0.17815808 0.17253087 0.19919044 0.15480007 0.02275439 0.08747486
 0.05547671 0.11721209 0.06080812 0.03139802 0.08906413 0.19527871
 0.01470845 0.01186996 0.03274314 0.29559705 0.00746914 0.01421124
 0.26762331 0.05092512]
***************************************************************
Test Residuals: [0.12812633 0.05147976 0.07706433 0.1688945  0.14530558 0.04745882
 0.01223597 0.28740969 0.08632209 0.06872095 0.03308363 0.0389708
 0.08581152 0.03481741 0.09220725 0.01554691 0.13901782 0.05885632
 0.09838297 0.14381265]
***************************************************************
