Selected Best Function: 5, x0**(x0/(x0 + x0))
Train MSE: 0.06582201758829966
Train NMSE: 0.01328155578823068
Test MSE: 0.05810785788419207
Test NMSE: 0.013557543435311969
***************************************************************
Train Residuals: [0.15412373 0.44242632 0.04647745 0.24528467 0.04384857 0.25912073
 0.46122496 0.08394053 0.15314722 0.14300606 0.33583696 0.36138075
 0.11184104 0.16978143 0.0865966  0.00494016 0.28729767 0.14912601
 0.03767147 0.35919427 0.07514416 0.27921867 0.04373785 0.11806061
 0.23391501 0.13738738 0.17755316 0.14728703 0.00183221 0.20605803
 0.46347949 0.00500226 0.00973738 0.07835095 0.34788635 0.07230865
 0.01370293 0.17959969 0.35461959 0.06925126 0.00969907 0.41897682
 0.20221375 0.4633077  0.34357181 0.09559122 0.72999456 0.38916424
 0.11661038 0.37726811 0.16822069 0.1906071  0.17579267 0.3229017
 0.11069441 0.01364138 0.28193582 0.25222413 0.41103002 0.01759975
 0.06451926 0.22255815 0.54800417 0.06399812 0.16156901 0.01342828
 0.02849868 0.25012835 0.42781534 0.23518308 0.05788645 0.04714307
 0.00773319 0.56298162 0.2969901  0.26755786 0.26295385 0.01363515
 0.35609856 0.23843334]
***************************************************************
Test Residuals: [0.5540776  0.20526448 0.22948689 0.06822922 0.01073019 0.3690142
 0.16509269 0.35791586 0.03148966 0.37046243 0.13358153 0.12823869
 0.22633681 0.0811538  0.07201697 0.02085417 0.08336876 0.02583439
 0.38600243 0.26736073]
***************************************************************
