Selected Best Function: 10, x0*(x0 + x0*x0) + x0*x0*x0*x0 + x0
Train MSE: 0.0008287477374425576
Train NMSE: 1.0239560030597488e-18
Test MSE: 0.00030320287846602077
Test NMSE: 5.832037647859273e-19
***************************************************************
Train Residuals: [0.00900541 0.04286973 0.00247581 0.01876985 0.00303259 0.04499595
 0.01569579 0.03501027 0.05896763 0.00956226 0.00854049 0.00333117
 0.02805702 0.01157146 0.00092863 0.01329741 0.0483908  0.03863057
 0.03613259 0.01171033 0.00817164 0.00509401 0.00203055 0.02560799
 0.03260503 0.03607697 0.06186401 0.00124035 0.00868415 0.01138922
 0.03060968 0.02409058 0.04252001 0.07566459 0.02346322 0.0263676
 0.01610367 0.00994672 0.03314313 0.02204821 0.03645663 0.00769341
 0.00826894 0.04761653 0.01003132 0.01105477 0.03280024 0.01927219
 0.06755116 0.02237203 0.02747543 0.01920673 0.01150886 0.06920142
 0.0344699  0.00017418 0.04189219 0.0331987  0.04370355 0.02372978
 0.01304204 0.03467695 0.01782894 0.01336179 0.00727238 0.00970039
 0.01393434 0.02775813 0.03283477 0.00101396 0.02434909 0.02875283
 0.0085464  0.02707946 0.03005735 0.01838249 0.02173661 0.00186611
 0.00492424 0.00705417]
***************************************************************
Test Residuals: [0.00705961 0.01195922 0.01753332 0.01325637 0.03185743 0.0254527
 0.01120296 0.00282811 0.0222447  0.01525552 0.00129388 0.01682629
 0.00609197 0.01698399 0.03380843 0.0156676  0.02424061 0.00276432
 0.01097881 0.01223182]
***************************************************************
