Selected Best Function: 12, x0*x0*x0*(x0 + 0.34974822 + sin(0.70785695))*(x0*x0 + 0.36158675 - 1*(-0.6472076))
Train MSE: 26820169369.003563
Train NMSE: 3.909963479377828e-13
Test MSE: 18030252569.1921
Test NMSE: 4.608142840920943e-13
***************************************************************
Train Residuals: [1.01648370e+05 2.94934415e+05 1.61274312e+04 6.88090230e+04
 2.06771329e+02 6.54412733e+04 5.13039232e+04 3.57173765e+04
 1.51765110e+01 2.73127808e+05 1.40579782e+05 1.77088339e+01
 3.99917984e+04 2.00316677e+05 3.78830837e+05 1.31878858e+05
 2.04909025e+01 4.27141651e+05 1.29145003e+04 4.23333538e+05
 6.70917329e+03 1.43328168e+05 1.18563270e+05 6.79462034e+03
 8.63930051e+04 3.08535613e+01 9.72767744e+04 2.35300823e+03
 1.65018726e+05 2.00532031e+03 3.33281477e+05 2.87913856e+03
 2.00453721e+04 2.05453424e+05 3.98921210e+03 3.68248363e+04
 2.93107414e+04 2.10667875e+05 1.93208706e+04 1.99468117e+05
 2.62524861e+01 4.09498278e+05 3.70165512e+03 2.03732530e+05
 5.81850246e+03 4.15761883e+05 3.42388514e+05 2.83655510e+04
 3.09718893e+01 1.02203693e+05 5.51638334e+03 3.94026079e+04
 6.37492794e+03 2.02294464e+04 1.80546679e+05 2.39547638e+04
 7.68513869e+00 2.70087659e+05 7.50598746e+03 1.15128795e+03
 6.58560697e+04 3.19856898e+05 3.23186270e+05 2.69551276e+03
 9.89013948e+04 3.38958761e+05 2.30516415e+00 2.04207533e+03
 1.27801482e+04 5.94290480e+04 2.85476582e+05 1.56596589e+04
 8.00771389e+04 6.13898044e+04 4.41750752e+03 3.87236585e+03
 2.23282176e+03 2.92638357e+03 4.02886709e+04 7.14097618e+04]
***************************************************************
Test Residuals: [6.35292417e+00 1.98583124e+02 1.35183647e+05 3.37622676e+03
 3.95869046e+05 2.31375878e+05 6.96687581e+04 3.53631544e+03
 5.74189913e+03 1.07865916e+05 1.63513058e+05 2.35093484e+05
 7.23337019e+03 8.66912643e+03 4.14909419e+04 3.42899488e+03
 6.01827918e+02 1.00820474e+03 1.62015966e+05 7.36266200e+04]
***************************************************************
