Selected Best Function: 10, (x0*x0 + x0)*(x0*x0 + sin(1.4324365) - (-1)*(-0.6119574)*0.4513448/x0)
Train MSE: 3592.02685435093
Train NMSE: 4.438114636308941e-12
Test MSE: 2874.4814147969964
Test NMSE: 5.528998909174889e-12
***************************************************************
Train Residuals: [ 58.784095   100.37176459  26.59811728  49.06256045   7.00877386
  48.06068979  43.01338112  36.8001022    1.4942169   96.22397239
  68.56679144   1.55477521  38.78440213  81.90744908 115.41337912
  66.58956204   4.50510404 123.36205514  23.8727903  123.15166591
  19.43395224  70.07870244  62.73102822  18.83879534  54.58403973
   3.49528321  57.32392025  12.88027142  74.48934245  12.48267506
 107.34993917  14.07151792  28.83711574  83.02974021  15.73618901
  37.06993955  34.03224687  84.24706726  28.04198352  81.36603111
   1.96117422 120.44923076  15.08447334  82.61068299  17.90012282
 121.7892102  108.7227978   33.35359229   2.37459503  59.01927208
  17.7511462   38.71386015  18.54449382  28.90514921  77.77627375
  31.21759003   1.13963714  95.87328934  19.77699127  10.64163983
  47.96478744 105.20025305 105.91955784  13.75782592  58.33099526
 108.30540504   0.7662125   12.94095995  24.00403599  45.84118878
  98.7640256   26.21438399  52.2755115   46.50261488  16.0666437
  15.5729343   12.92146153  14.35767322  38.68862943  49.73237987]
***************************************************************
Test Residuals: [  5.00127851   7.17044912  67.65461066  15.00115544 118.69083296
  88.09335199  49.32881651  15.07342444  18.25325121  60.30869212
  73.70089225  89.27628568  19.64948815  20.67460718  39.19728851
  15.01991412   8.84729137  10.12881473  73.57417845  50.60173887]
***************************************************************
