Selected Best Function: 5, sin(x0) + sin(x0 + x0*x0)
Train MSE: 0.2929261859714217
Train NMSE: 0.22864118670168782
Test MSE: 0.29010650866310633
Test NMSE: 0.4126928162090339
***************************************************************
Train Residuals: [0.24293516 0.3310659  0.27321213 0.4530091  0.81871927 0.93788966
 0.14397921 0.54264899 0.41306496 0.21113397 0.33923111 0.06371315
 0.26959365 0.79585274 0.28888325 0.97375047 0.3179801  0.69990983
 0.72900465 0.3744235  0.05260613 0.2188276  0.80886623 0.64550102
 0.828857   0.12687273 0.22110519 0.83153424 0.31112326 1.16212411
 0.3317854  0.33181228 0.22057935 0.4234632  0.58040063 0.50410343
 0.71858222 0.91301922 0.23771353 0.69250259 0.77430465 0.2702127
 0.17210276 0.26070667 0.00684255 0.1023408  0.18852444 0.98685636
 0.02284124 0.24379559 0.79637428 0.11381105 0.59422511 0.5152732
 0.11908971 0.02978421 1.00197624 1.25216973 0.27572659 0.15747218
 0.03517849 0.32126034 0.68744198 0.23440132 0.49820517 0.4111024
 0.46072127 0.16658019 0.58719682 0.55466031 0.34905846 1.10154872
 0.17065504 0.86795018 0.44094334 0.4915596  0.17895678 0.49018579
 0.33401331 0.40666847]
***************************************************************
Test Residuals: [1.42090183 0.58332503 0.10871526 0.24365299 0.07883573 0.10313231
 0.01661065 0.01668769 0.60409297 1.07938985 0.253308   0.65188064
 0.02689018 0.52405637 0.6554849  0.13096693 0.11000754 0.55724413
 0.48548815 0.23386347]
***************************************************************
