Selected Best Function: 11, sin(x0*x0)/((x0/(x0*cos(x0)))) - x0/x0
Train MSE: 0.011029950102144751
Train NMSE: 0.0419200072721357
Test MSE: 0.0035213838832212864
Test NMSE: 0.013133577100089657
***************************************************************
Train Residuals: [0.00056478 0.25257451 0.06288596 0.28672896 0.10030633 0.06463459
 0.08533492 0.0253133  0.10440117 0.11614951 0.04190799 0.16984118
 0.05311813 0.0928707  0.04334571 0.15912533 0.23599472 0.12055627
 0.11612491 0.03204847 0.00144459 0.03841177 0.11841601 0.1035023
 0.03829298 0.03846637 0.18505753 0.08422328 0.04858686 0.00054486
 0.09490629 0.02779532 0.08320245 0.05996451 0.06954172 0.10208061
 0.22454431 0.07932489 0.00399586 0.09610701 0.14146927 0.09122364
 0.05899893 0.02788059 0.00788412 0.08117881 0.01842658 0.01309298
 0.03631976 0.06244833 0.08838122 0.05482766 0.00858741 0.0465508
 0.03769504 0.025187   0.08357609 0.05891986 0.08166422 0.09057596
 0.12398093 0.04283819 0.17658364 0.11900784 0.1016849  0.05384029
 0.03884078 0.22638334 0.08041965 0.21099898 0.11075944 0.1102485
 0.06276505 0.05553689 0.1701464  0.10424764 0.03479486 0.04153121
 0.11935907 0.06414588]
***************************************************************
Test Residuals: [0.05131442 0.03266398 0.0131485  0.0197883  0.04203964 0.03389624
 0.01051231 0.00719935 0.00035514 0.06306272 0.08291152 0.04813331
 0.02952078 0.02966093 0.03290479 0.00461807 0.12649995 0.05049747
 0.00839503 0.16863662]
***************************************************************
