Selected Best Function: 9, sin(x0*x0)*cos(x0) - x0/x0
Train MSE: 0.06660656888477465
Train NMSE: 0.19870813642984617
Test MSE: 0.07242340282762767
Test NMSE: 0.27504675956592056
***************************************************************
Train Residuals: [0.04061336 0.20757411 0.15915243 0.4378129  0.35057614 0.15797915
 0.10040275 0.2920256  0.09500878 0.23821361 0.25589165 0.33660272
 0.35287595 0.23730587 0.14521795 0.11090307 0.15137727 0.11822433
 0.18488604 0.38015305 0.36669075 0.32071678 0.1204729  0.26124143
 0.02612225 0.08130599 0.16556901 0.16270668 0.02238594 0.35269249
 0.19380233 0.04901197 0.14930657 0.19319253 0.02836228 0.34700411
 0.26131663 0.12234036 0.03185309 0.08792653 0.30407833 0.26349261
 0.30911803 0.28847255 0.12175162 0.41104502 0.03971318 0.22823758
 0.20323079 0.20028938 0.29010465 0.19888321 0.04468833 0.40072773
 0.35696559 0.02596013 0.2029795  0.05085375 0.41198675 0.46289204
 0.46994737 0.50020432 0.27654171 0.17383148 0.08835712 0.21508619
 0.15662014 0.52828777 0.4774398  0.10014248 0.0513444  0.36835284
 0.26518068 0.38578167 0.0704802  0.17263865 0.41707051 0.22559335
 0.17445359 0.08718989]
***************************************************************
Test Residuals: [0.0234936  0.07844322 0.16035098 0.3616223  0.15105341 0.01770686
 0.69526425 0.08698328 0.19482586 0.2956166  0.41922922 0.04911684
 0.14495739 0.10241681 0.49764054 0.23713928 0.18938007 0.13760994
 0.27720808 0.02549516]
***************************************************************
