Selected Best Function: 12, sin(-7.8598676) + sin(x0*x0)/((x0/(x0*cos(x0))))
Train MSE: 1.3339379627753856e-09
Train NMSE: 7.076130380959464e-09
Test MSE: 1.0923391734169663e-09
Test NMSE: 3.2764711958736975e-09
***************************************************************
Train Residuals: [4.34329006e-05 5.98001973e-05 2.30103951e-05 5.93981270e-05
 1.20595960e-05 4.96271478e-05 2.45943828e-05 2.12818407e-05
 1.42853537e-06 1.24364262e-05 5.35827623e-05 1.64978385e-05
 1.90591995e-05 1.39805599e-05 4.97547757e-05 4.49805462e-05
 6.51252941e-05 3.54150182e-05 2.15214501e-05 5.84189268e-05
 2.09802233e-06 4.41271574e-05 1.60660522e-05 2.44001889e-05
 2.50715575e-05 4.75762544e-05 2.05209741e-05 8.98910313e-06
 4.68151378e-05 2.05458355e-06 3.43650806e-05 2.73247399e-05
 1.71408561e-05 2.13911988e-05 2.52936029e-06 6.18243973e-05
 6.41470910e-05 6.67592222e-05 6.69436531e-05 6.60609587e-05
 1.43649071e-05 5.07447869e-05 9.75453531e-06 4.78496011e-05
 1.35544751e-05 7.96467319e-06 5.40170089e-05 5.55961572e-05
 5.42900893e-05 2.59048922e-05 3.11312340e-05 1.23113789e-05
 5.37865553e-05 1.29370175e-05 6.72238862e-05 8.30555037e-06
 5.92602451e-05 5.75887353e-05 4.76997663e-05 4.52972798e-07
 1.89648138e-05 6.91015515e-06 3.22482573e-05 7.79690673e-06
 3.21862478e-05 1.54914024e-06 3.25923568e-05 1.01841161e-05
 2.58994866e-05 2.55882936e-05 2.35841990e-05 3.08984326e-05
 1.78227588e-05 1.84942657e-05 1.72725484e-05 2.17163212e-05
 2.91749130e-05 1.15631425e-05 1.24406371e-05 3.80595701e-05]
***************************************************************
Test Residuals: [2.37522761e-05 1.76564358e-05 3.33304525e-05 1.33615257e-05
 1.51274060e-05 1.05334902e-05 3.04764959e-05 4.48007638e-05
 6.35239759e-05 3.18972626e-05 2.26027463e-05 1.48067338e-05
 3.17404355e-05 5.23672445e-05 6.04190159e-05 2.69297067e-05
 1.09896413e-05 1.38804898e-05 1.20657546e-07 4.67326046e-05]
***************************************************************
