Selected Best Function: 9, sin(x0*x0)*cos(x0) - x0/x0
Train MSE: 0.24755717019648413
Train NMSE: 0.46004233688188345
Test MSE: 0.12592580047447396
Test NMSE: 0.2867105093482286
***************************************************************
Train Residuals: [5.39030516e-01 4.28531799e-01 6.98191608e-01 1.54650503e-01
 3.57444840e-01 1.50652421e-01 4.60992557e-03 7.50339776e-03
 8.78844419e-01 8.78014162e-02 7.23734633e-01 3.59783493e-01
 4.98068713e-01 3.04486458e-01 9.24296039e-03 5.00376640e-01
 9.80572990e-02 6.98508177e-02 3.09737798e-01 1.20944523e-01
 9.70254042e-01 7.91266223e-01 4.58425578e-01 4.64867022e-01
 2.63588703e-01 2.55119545e-01 3.67309758e-01 3.29846336e-01
 5.56944643e-01 2.93778760e-01 8.13792333e-01 1.06339054e-01
 6.18172426e-01 3.28119667e-01 3.12768725e-01 5.27662355e-01
 2.39559435e-01 4.67252953e-01 2.55021854e-02 3.27930453e-01
 7.87246816e-02 3.11866101e-01 5.11485532e-01 1.14676990e+00
 1.21375017e-01 4.30721493e-01 2.96872685e-01 1.72917276e-01
 9.16341585e-01 3.60347254e-01 2.64600505e-01 7.38166700e-01
 2.24607759e-01 5.97668543e-01 3.32300814e-01 1.77127446e-01
 2.33949589e-01 4.18492155e-02 2.26913290e-01 5.16881910e-04
 8.89418698e-01 1.30358576e-01 5.37747950e-02 4.41512573e-01
 5.65568179e-01 4.24849896e-01 7.88867498e-01 8.86911696e-01
 2.86773718e-01 2.73705613e-01 6.85966941e-01 4.70577887e-01
 8.19338141e-01 5.42062407e-01 8.23909008e-02 3.74389800e-01
 1.15436354e+00 7.99368209e-01 3.68738419e-01 7.76237783e-01]
***************************************************************
Test Residuals: [0.64768249 0.4814751  0.03268033 0.19978382 0.51263234 0.00805672
 0.12313121 0.7793839  0.03798014 0.32781298 0.06466361 0.20104475
 0.17315048 0.2254378  0.19810412 0.02609936 0.35504853 0.2311685
 0.66121428 0.2232254 ]
***************************************************************
