Selected Best Function: 4, x0**(x0/(x0 + x0))
Train MSE: 0.06332672603978486
Train NMSE: 0.012517476444711054
Test MSE: 0.07542630484205583
Test NMSE: 0.021217005623183932
***************************************************************
Train Residuals: [0.09763282 0.19901214 0.1735685  0.02549149 0.06082438 0.08791537
 0.31532652 0.07200395 0.30278028 0.25252402 0.40327946 0.27848941
 0.00915731 0.2356245  0.29275938 0.37863055 0.47168429 0.19086924
 0.18915272 0.27081035 0.22998072 0.03262118 0.2575436  0.11068976
 0.08421699 0.49164738 0.37137959 0.3097506  0.32985036 0.34861529
 0.30887801 0.01659395 0.0306577  0.49455376 0.10432144 0.22890111
 0.13559542 0.02006759 0.54060007 0.01582776 0.17955519 0.26296145
 0.14235393 0.12134342 0.21277122 0.36719433 0.23294392 0.01184915
 0.0208586  0.09231554 0.28123242 0.47158885 0.16114586 0.54569667
 0.02933744 0.32798758 0.49639258 0.21274004 0.17637316 0.1283353
 0.0067694  0.27228689 0.17040749 0.09692465 0.04109664 0.18341485
 0.18494745 0.06039285 0.0504232  0.15738419 0.22780362 0.01818945
 0.33432899 0.07100988 0.48912678 0.28847442 0.13864085 0.20025841
 0.20481012 0.04322445]
***************************************************************
Test Residuals: [0.14093028 0.06626387 0.14418025 0.10694347 0.01841077 0.27776983
 0.16497569 0.0791199  0.57022846 0.36009052 0.26915889 0.39079289
 0.13677259 0.0175864  0.63365831 0.15918464 0.26735431 0.18923146
 0.24641982 0.21724993]
***************************************************************
