Selected Best Function: 3, sin(x0 + x1)
Train MSE: 0.011450665262476735
Train NMSE: 0.020633030753382443
Test MSE: 0.011482683024525746
Test NMSE: 0.02547510040726527
***************************************************************
Train Residuals: [3.85091568e-02 1.51820808e-01 5.11096675e-02 9.41272639e-02
 1.28552206e-01 9.80694191e-02 9.37126023e-02 1.02420485e-01
 7.86450539e-02 1.60635726e-01 5.21559963e-02 2.45258836e-02
 1.08410180e-01 8.94290014e-02 1.37891683e-01 6.03131090e-03
 1.35455946e-02 1.46850489e-04 6.48855656e-02 9.27533375e-02
 1.41998040e-01 2.34977845e-01 7.08681573e-02 6.35801377e-02
 1.09867239e-01 5.18058930e-02 1.27711434e-02 2.77587759e-02
 1.50431706e-01 9.72586656e-02 5.72706907e-03 2.43282068e-02
 2.40252805e-02 2.43509331e-01 1.30130661e-02 1.05222812e-01
 3.12419271e-02 1.19652277e-01 9.74238996e-02 2.39488191e-02
 1.07215347e-01 8.08667031e-02 1.57661246e-01 1.27233814e-01
 2.52970449e-02 4.32801546e-02 1.33471732e-01 9.48036093e-02
 5.77336942e-02 2.46941031e-02 2.28065622e-01 9.24667416e-02
 1.37349110e-01 2.77535732e-02 9.92419775e-02 1.30478750e-01
 1.59675833e-01 5.78894174e-02 2.05484210e-01 6.31407302e-02
 2.09377174e-01 4.18060182e-02 3.59875289e-02 8.46387711e-02
 2.53570237e-02 7.12567838e-02 4.31978050e-02 2.45548803e-02
 4.05107436e-02 1.44219168e-01 1.42915825e-01 2.92028828e-02
 1.57648108e-01 6.71617659e-03 9.75123835e-02 5.85360976e-03
 1.33183348e-01 9.56435400e-02 1.58351853e-01 2.26679051e-01]
***************************************************************
Test Residuals: [0.21371246 0.08762249 0.22880022 0.02015952 0.06118385 0.06505971
 0.05366581 0.1100159  0.00821689 0.09728272 0.03519274 0.0874996
 0.08226899 0.12989175 0.08624795 0.10290887 0.07718389 0.07255418
 0.13324946 0.10730896]
***************************************************************
