Selected Best Function: 14, x0*x0*(x0*x0 + x0) + x0*x0*x0*x0*x0
Train MSE: 18431570.37468039
Train NMSE: 3.3314973648756726e-12
Test MSE: 26426431.543250255
Test NMSE: 2.588789274251599e-12
***************************************************************
Train Residuals: [3.16897449e+03 3.20392866e+03 6.93533660e+03 1.62611445e+03
 2.01621249e+02 1.41910462e+03 8.94353587e+03 4.10560445e+02
 2.83437365e+02 2.15385638e+03 6.07941455e+02 7.02508975e+02
 5.75198721e+03 1.96531930e+03 1.01561004e+03 5.36038772e+02
 5.88508096e+03 5.53326700e+03 3.38192715e+03 3.10809923e+03
 5.23168701e+03 7.95853518e+03 1.06295075e+03 1.75467411e+01
 8.03355342e+02 8.29190342e+03 5.01332071e+01 9.92126682e+03
 3.52043342e+02 2.19566113e+03 2.38910581e+02 6.16781860e+01
 2.89837226e+03 7.05041024e+03 3.72385008e+03 2.18418369e+03
 1.76061208e+03 5.25518081e+03 6.54709489e+03 3.12759547e+00
 9.54547603e+03 1.51384121e+03 4.50939461e+02 9.89596033e+02
 6.72478741e+03 7.12306006e+02 2.84191941e+01 5.95741874e+03
 6.95496542e+03 3.22235684e+03 9.49173918e+03 5.92034243e+03
 5.99337878e+03 3.56040076e+02 5.11597210e+03 7.46578477e+00
 4.20175589e+02 4.04267624e+03 4.08953404e+03 7.34705358e+02
 3.56908463e+03 5.46455288e+03 1.32566469e+02 6.56601153e+03
 9.51642638e+01 7.91489015e+02 1.86682921e+03 2.52709532e+03
 1.77011106e+03 1.05299596e+03 7.59835358e+03 2.05281222e+02
 1.95439355e+01 3.47803891e+03 9.50335318e+03 1.39335650e+03
 2.34686027e+03 2.74647352e+03 4.40661620e+03 5.02660512e+03]
***************************************************************
Test Residuals: [  58.84901239 7370.42956066 1469.3111984  6483.51438141 9388.79521179
  267.75407398  551.98565347 4242.15966153 9285.59748173 9582.50523567
   27.51184267 2055.53499684 1713.00526029  520.79167232  892.58844512
 7312.7851181   991.92341563 8473.49167442 2563.78484732 2092.00899011]
***************************************************************
