Selected Best Function: 13, -(x0 + cos(x0))/(x0 + cos(x0)) + sin(x0*x0)/((cos(0.0061722156)/cos(x0)))
Train MSE: 9.369275017965765e-10
Train NMSE: 3.7635887089723605e-09
Test MSE: 8.87322948878239e-10
Test NMSE: 3.833849154065241e-09
***************************************************************
Train Residuals: [2.64354461e-05 9.07198514e-06 3.76290223e-05 4.03661805e-05
 3.22188762e-05 1.03175061e-05 2.97820785e-05 1.41434596e-05
 5.25106880e-05 2.45951328e-06 4.21617084e-05 3.97900723e-05
 2.42116137e-06 5.93645852e-05 2.08277623e-05 3.77607937e-05
 1.47786263e-06 1.08391610e-05 6.47761910e-06 1.61402385e-05
 3.82228266e-05 5.36499513e-06 1.62663067e-05 3.00333962e-05
 4.44833580e-05 4.50357117e-05 5.00097657e-05 4.50484154e-05
 4.72060403e-05 2.91246187e-05 5.04119255e-05 2.76725267e-05
 2.18799219e-05 4.29017747e-05 2.34174219e-05 3.56815677e-05
 6.60852159e-06 3.00423754e-05 1.95758160e-05 2.69739325e-05
 2.68653199e-05 1.50722886e-05 1.53639002e-05 5.23991879e-05
 1.00331192e-05 2.55779728e-05 1.55090980e-05 3.58897211e-05
 2.54200002e-05 7.72290885e-06 3.89195888e-05 4.90847568e-05
 3.65898600e-05 3.42666928e-05 4.22299246e-05 1.69281250e-05
 3.92328717e-05 5.48764867e-05 8.53421377e-06 3.67866291e-05
 1.46950131e-05 5.68596177e-06 2.77409472e-05 3.63687884e-06
 1.15336040e-05 6.30054094e-06 1.48970516e-05 5.24130039e-05
 5.16003157e-05 4.38353078e-05 1.45329039e-05 2.91408004e-05
 6.91769471e-06 1.15555541e-05 9.29550362e-06 3.17778045e-05
 1.19604955e-05 2.20113959e-05 6.31112347e-06 4.32235740e-06]
***************************************************************
Test Residuals: [4.74441883e-05 2.94204526e-05 1.69113633e-05 4.21520715e-06
 3.99872946e-05 1.16713400e-05 1.99854731e-05 5.20140806e-05
 9.30059348e-06 2.43150039e-05 2.43814078e-05 4.23905773e-05
 1.54898156e-05 1.12134686e-05 6.79706188e-06 1.53022722e-05
 2.73473450e-05 3.15644565e-05 4.24935284e-05 4.71278325e-05]
***************************************************************
