Selected Best Function: 4, sin(x0) + sin(x1*x1)
Train MSE: 0.0009407997435953738
Train NMSE: 0.0010827914641905719
Test MSE: 0.0005962034036424981
Test NMSE: 0.0016387879518256281
***************************************************************
Train Residuals: [0.01813298 0.02058265 0.00573231 0.01256975 0.00499757 0.02092886
 0.02899212 0.04467341 0.02848726 0.00104817 0.00201057 0.02003978
 0.03574592 0.04300595 0.00061996 0.02742352 0.02624752 0.01384694
 0.0264327  0.03077212 0.03118068 0.03639754 0.01446611 0.02472792
 0.06970788 0.01528497 0.03718715 0.04617806 0.01707052 0.0393152
 0.02636205 0.00914051 0.01123565 0.04080017 0.02757235 0.00076081
 0.06732875 0.00963708 0.00866533 0.06299951 0.07342326 0.01313911
 0.01253888 0.00650844 0.02656258 0.02586741 0.02883866 0.02565271
 0.05005184 0.06808131 0.02665039 0.02970762 0.02096245 0.03828767
 0.0059164  0.02038468 0.03111095 0.00961792 0.01435231 0.00481442
 0.0132853  0.03298015 0.03211902 0.01578663 0.07666374 0.02214446
 0.02231134 0.00977482 0.01901367 0.0024657  0.02472809 0.01449179
 0.00250019 0.03534125 0.04073547 0.01005264 0.01950149 0.01471873
 0.00559808 0.04988642]
***************************************************************
Test Residuals: [0.01621604 0.03057238 0.02622828 0.00897888 0.01939646 0.02346078
 0.02509196 0.00069853 0.01529075 0.02017    0.0148218  0.05081182
 0.01284668 0.01370297 0.01042774 0.01611862 0.00757954 0.00252728
 0.06343175 0.01225671]
***************************************************************
