Selected Best Function: 4, x0**(x0/(x0 + x0))
Train MSE: 0.007130162483866888
Train NMSE: 0.0013297175844250767
Test MSE: 0.009813167341717475
Test NMSE: 0.0028990722443937183
***************************************************************
Train Residuals: [9.42690320e-02 8.20891975e-02 1.81105830e-02 1.97058647e-01
 1.04525794e-01 5.36642053e-02 7.83562386e-03 7.85018592e-02
 4.65101300e-02 4.96479347e-03 5.16005122e-02 1.94351172e-02
 2.07022536e-02 1.42340170e-02 1.19647611e-01 8.06620100e-02
 2.75686900e-02 5.92833141e-02 2.39326157e-02 4.56906635e-02
 2.37379181e-02 1.02056403e-01 1.37248170e-02 1.36457632e-01
 1.47069500e-01 5.97508158e-02 2.14115378e-02 7.65032892e-02
 1.68203113e-02 7.03964186e-02 7.38560439e-02 3.64742976e-02
 5.58081563e-03 2.29034031e-02 3.89229925e-03 2.85735156e-02
 2.40422050e-02 2.28449477e-01 1.96194729e-01 8.91001147e-02
 1.27035596e-02 7.46009528e-02 4.28798839e-02 1.69213856e-01
 1.73370686e-01 7.46038868e-02 9.93388487e-02 9.69600416e-02
 6.64271130e-03 8.27805197e-02 1.11863783e-02 1.53932158e-01
 3.81870553e-02 8.01875160e-02 1.37757467e-02 1.17592114e-01
 6.60464817e-03 2.39975053e-02 1.41393135e-02 2.73820064e-02
 1.30969346e-02 1.00822210e-01 1.91056490e-01 1.52406597e-01
 5.87035502e-02 1.25805411e-01 2.62796939e-02 3.25567847e-02
 9.48309593e-02 6.82034146e-03 7.80323716e-02 9.63468469e-02
 3.90499951e-02 5.39884866e-02 1.65585260e-03 1.20593545e-01
 8.70469907e-02 2.68001116e-02 8.13996622e-05 2.79023253e-03]
***************************************************************
Test Residuals: [0.1029561  0.06136762 0.09602379 0.05940575 0.08246564 0.03398807
 0.09441799 0.06926272 0.14209126 0.14361298 0.04102417 0.03722163
 0.1354338  0.0096083  0.06656406 0.06607244 0.1132505  0.18715099
 0.13639968 0.09954836]
***************************************************************
