Selected Best Function: 9, x0*x0*(x0*x0 + x0) + x0 + x0*x0
Train MSE: 0.32496805656734484
Train NMSE: 5.272021461175699e-16
Test MSE: 0.21264192433898899
Test NMSE: 3.2707008126460393e-16
***************************************************************
Train Residuals: [0.39327798 0.66273087 0.28171168 0.19100451 0.27003853 0.43798791
 0.68443029 0.02844135 0.1576917  0.04011197 0.27100887 0.29718919
 0.86790639 0.69166429 0.34408164 0.09276791 0.63983591 0.54644121
 0.93841329 1.06109048 0.4720337  0.97876647 0.08782374 0.33438949
 0.04495326 0.2366233  0.06968714 0.8410243  0.87538701 0.16639422
 0.40388171 0.73918663 0.50876286 0.52751078 0.06188435 0.23044373
 0.10801159 0.13530486 0.64808007 0.12372328 0.28422577 0.49009074
 0.66529571 0.19176701 1.11581125 0.84197607 0.12247475 0.63811746
 0.86455326 0.89544702 0.54278801 0.05673446 0.01492594 0.86533972
 0.59619541 0.08618899 0.30895498 0.21393338 0.01723325 0.57986039
 0.71940532 0.21964378 0.45706865 0.53151105 1.00587725 0.43659718
 0.16896525 1.35526877 0.19456308 0.45381928 0.02200264 0.28544137
 1.54147316 0.09359891 0.78938376 0.60425868 0.40627475 0.68110903
 0.02466127 0.76955816]
***************************************************************
Test Residuals: [0.25540292 0.39226281 0.24043303 0.48310516 0.00338377 0.65196496
 1.04062212 0.77065388 0.33189284 0.43400688 0.42175883 0.20146113
 0.10888761 0.18480428 0.07013856 0.211853   0.70887089 0.50236078
 0.42628905 0.30214023]
***************************************************************
