Selected Best Function: 5, sin(x0) + sin(x1*x1)
Train MSE: 0.08056846460021368
Train NMSE: 0.09056858217531447
Test MSE: 0.07251512894842221
Test NMSE: 0.06633988714148686
***************************************************************
Train Residuals: [0.24851973 0.10725268 0.1192284  0.13724899 0.0011053  0.02406713
 0.12288873 0.03314033 0.01390175 0.13461961 0.31442021 0.35259318
 0.1468594  0.41360711 0.21682677 0.18976459 0.15186043 0.22910345
 0.21301662 0.35555255 0.40663077 0.09075828 0.05911778 0.44762971
 0.0064576  0.26659128 0.30241337 0.63401863 0.40359813 0.07492016
 0.11475924 0.05003363 0.22193314 0.53637533 0.28805858 0.14271764
 0.13708299 0.50411965 0.00453857 0.06426945 0.07744716 0.38480724
 0.0679179  0.00766278 0.71348073 0.23200056 0.02922025 0.49136554
 0.012415   0.30544892 0.27469909 0.3264381  0.10295026 0.10931228
 0.24010285 0.02661254 0.25710322 0.16570814 0.48259169 0.22849399
 0.01673135 0.03508154 0.34958121 0.00996504 0.12144471 0.02206257
 0.07938407 0.61128237 0.11261723 0.28749071 0.28157794 0.10581884
 0.67304132 0.02602536 0.52667978 0.24741438 0.33892914 0.63305529
 0.04596551 0.02246716]
***************************************************************
Test Residuals: [0.18081425 0.54865891 0.10184289 0.26467003 0.11644853 0.25149171
 0.23543228 0.34697027 0.26139303 0.25734903 0.40281486 0.19860539
 0.41673682 0.09926238 0.17780908 0.26374003 0.10855632 0.24953692
 0.23675825 0.18019737]
***************************************************************
