Selected Best Function: 4, sin(x1) + sin(x1*x1)
Train MSE: 0.05806224412342389
Train NMSE: 0.04932392829318112
Test MSE: 0.07390977759933395
Test NMSE: 0.07667361635056315
***************************************************************
Train Residuals: [3.25413211e-02 6.81488272e-02 8.11908113e-02 1.34315485e-01
 6.06587191e-02 1.86579740e-02 1.11239359e-01 2.09522065e-01
 3.53691268e-01 4.34706694e-02 4.01952189e-01 2.44614502e-01
 3.53231310e-01 1.60727829e-02 7.57595248e-03 1.36721664e-01
 4.04229477e-01 4.71861064e-01 1.38461472e-01 9.16577410e-02
 2.47747672e-01 3.81954483e-01 3.27650526e-02 4.09474604e-01
 3.48816630e-04 3.24508761e-01 8.14787536e-02 1.07537014e-02
 9.51589080e-02 1.00691489e-01 3.05736035e-01 2.35541695e-01
 8.66207887e-02 9.96511648e-02 1.23254667e-01 1.63745114e-01
 2.39273135e-01 5.55547915e-01 1.89493118e-01 3.72828498e-01
 5.13158251e-01 1.01811699e-01 3.34659172e-01 2.33997041e-02
 3.17222693e-01 5.11343877e-02 2.48062990e-01 5.98270494e-02
 2.11959974e-01 8.21750267e-02 3.67877262e-02 1.78529432e-01
 7.09382080e-02 2.40420271e-01 2.27990071e-01 1.41603628e-01
 2.05980439e-01 4.95554510e-01 1.22989811e-01 1.06263436e-01
 1.15465146e-01 3.43661226e-01 1.58542038e-01 4.64815303e-02
 2.31788938e-01 2.09551648e-01 6.27612412e-02 3.63338240e-01
 6.27303669e-01 3.33117677e-01 4.58641176e-01 2.46147147e-01
 1.71871772e-01 2.21172107e-01 5.51869668e-02 9.85957713e-02
 1.88518280e-01 5.89977436e-02 5.26729795e-02 5.04273242e-02]
***************************************************************
Test Residuals: [0.30464723 0.11303204 0.31015344 0.10476886 0.21131893 0.41399522
 0.0630621  0.49896062 0.00603316 0.41481252 0.13229478 0.00530967
 0.1475677  0.00239597 0.61414089 0.06649955 0.03170022 0.40339186
 0.18794435 0.06625218]
***************************************************************
