Selected Best Function: 3, sin(x0) + sin(x0 + x0*x0)
Train MSE: 8.585189687283153e-10
Train NMSE: 8.131921760827929e-10
Test MSE: 8.950099923723642e-10
Test NMSE: 8.189225586153904e-10
***************************************************************
Train Residuals: [4.03082487e-05 2.87936734e-05 2.29449222e-05 1.19962606e-05
 1.17023749e-05 2.30290333e-05 3.44399626e-05 2.37465738e-05
 1.72969052e-05 2.11249686e-05 4.36113764e-06 1.76223598e-05
 2.54166407e-05 3.98605045e-05 1.77253166e-05 3.16000209e-05
 3.92647368e-05 1.86208275e-05 3.99680967e-05 2.66504069e-07
 3.48820118e-05 3.16564135e-05 9.33087523e-06 4.88401263e-05
 6.75606738e-06 2.35528877e-05 2.78798122e-05 5.68301425e-07
 1.41416975e-05 9.27811935e-06 3.04080064e-06 2.28464473e-05
 5.51979869e-06 1.41169063e-05 1.96806129e-05 4.11383214e-05
 1.92730316e-05 3.91187916e-05 1.22627761e-05 3.71117878e-05
 3.72411057e-05 2.45034079e-05 4.77329782e-05 3.72148275e-05
 5.37629714e-06 1.87530070e-05 4.79716594e-05 2.83769831e-05
 3.38943604e-06 4.10751105e-06 2.39832742e-05 4.27422349e-05
 3.59395744e-05 1.78331093e-05 2.88994144e-05 4.48930359e-05
 4.38708129e-05 2.75653982e-05 2.23000493e-05 4.69951000e-05
 2.27333236e-05 4.94590941e-05 2.12488832e-05 4.02307652e-05
 4.58362060e-05 2.28014748e-05 4.06842248e-05 3.80813014e-05
 3.38312537e-05 1.55205276e-05 2.38128796e-05 1.81456989e-05
 4.91849023e-05 3.32546061e-06 4.11574090e-05 3.05789937e-05
 1.81206354e-05 4.85390478e-05 1.42276599e-05 2.78695503e-07]
***************************************************************
Test Residuals: [2.66044749e-05 4.79683461e-05 1.98839329e-06 3.75523065e-05
 3.75831654e-05 5.88590570e-06 4.65749642e-05 1.06604072e-05
 4.08465543e-05 1.27640117e-05 2.87450095e-05 3.27310325e-06
 4.17516747e-05 3.72631458e-05 4.25930880e-05 2.01969853e-05
 4.50349986e-06 2.45225462e-05 3.09761965e-05 1.19981371e-05]
***************************************************************
