Selected Best Function: 4, x0*(x0*x0 + x0) + x0
Train MSE: 0.06501250816799012
Train NMSE: 6.478954429880151e-13
Test MSE: 0.051315619186888484
Test NMSE: 5.038134545662841e-13
***************************************************************
Train Residuals: [0.15774098 0.18966222 0.37446425 0.13056134 0.17715841 0.34034242
 0.00160815 0.01369559 0.00793868 0.07322147 0.19718308 0.31547809
 0.09332075 0.34622945 0.18236137 0.27979303 0.38921664 0.58481769
 0.14198593 0.17858905 0.07587086 0.16688857 0.12666695 0.11057171
 0.24268402 0.28693701 0.31034202 0.0848187  0.16407875 0.31878484
 0.15581024 0.19854682 0.13316287 0.0245438  0.1060036  0.19215725
 0.21630301 0.0790589  0.12528424 0.25669524 0.04203198 0.00878385
 0.29694645 0.41158374 0.17033687 0.32695378 0.45470773 0.24937637
 0.66691052 0.11352037 0.12922727 0.23135463 0.30509297 0.12843752
 0.05198075 0.07746463 0.01516866 0.00304045 0.31293063 0.03148413
 0.28182414 0.11725306 0.08959591 0.22776678 0.39158369 0.05216466
 0.14405695 0.00696239 0.12258356 0.09264294 0.43392236 0.13504175
 0.4777429  0.03257993 0.26879363 0.31924041 0.01418294 0.49449887
 0.63373594 0.43184468]
***************************************************************
Test Residuals: [0.06197897 0.04257085 0.10540826 0.06384069 0.1577121  0.10531313
 0.47819758 0.12924764 0.32611791 0.31529815 0.26773277 0.0920245
 0.12978698 0.19774438 0.22433618 0.29397154 0.20769084 0.26101358
 0.12971172 0.34268498]
***************************************************************
