Selected Best Function: 5, (sin(x0) + sin(x0))*cos(x1)
Train MSE: 0.0011725542292742573
Train NMSE: 0.0021429941347925227
Test MSE: 0.00048036832909221366
Test NMSE: 0.001054372334045574
***************************************************************
Train Residuals: [0.03344534 0.00468624 0.00398833 0.01718826 0.00152013 0.06289365
 0.03288573 0.01217768 0.03868585 0.00678508 0.03245894 0.0597319
 0.06330878 0.01761528 0.03626504 0.03996906 0.0601289  0.01302609
 0.04018424 0.01647031 0.03500738 0.01521411 0.03704014 0.02590087
 0.03300598 0.03333836 0.05592793 0.02978531 0.00381494 0.0452111
 0.01064614 0.00480674 0.04666184 0.03237244 0.00662916 0.01033524
 0.01745785 0.07768005 0.08449907 0.00087351 0.04952285 0.0139686
 0.0156253  0.01474045 0.00779637 0.07494168 0.00902285 0.00861521
 0.03758047 0.00099793 0.02423662 0.02381261 0.00025976 0.00711032
 0.0116805  0.0499293  0.06138211 0.00637637 0.00391276 0.02695091
 0.02551443 0.04208968 0.01465164 0.02554333 0.02995263 0.07772654
 0.03713898 0.01161237 0.00245189 0.04241861 0.01322769 0.04404729
 0.00070632 0.04782149 0.00475758 0.02380059 0.00182847 0.01839496
 0.04106508 0.00497849]
***************************************************************
Test Residuals: [0.03878671 0.01196155 0.01632258 0.02080728 0.02119166 0.00209895
 0.00645107 0.03385042 0.00244728 0.00314927 0.00488981 0.03571692
 0.01409438 0.00212886 0.0460779  0.02223521 0.00368759 0.02800363
 0.02608902 0.00219904]
***************************************************************
