Selected Best Function: 4, x0*(x0 + x0*x0) + x0
Train MSE: 0.28083929399845564
Train NMSE: 3.882710180060693e-12
Test MSE: 0.11760521442228362
Test NMSE: 9.104545698117092e-13
***************************************************************
Train Residuals: [1.03419436 0.06879446 0.316039   0.2354918  0.68132081 1.28756105
 0.93125333 0.14477128 0.34295361 0.63473531 0.16082772 0.34394097
 0.12519908 0.03269221 0.21911663 0.20826618 0.25486952 1.03275926
 0.10379509 0.12922452 0.32206064 0.37987213 0.45247532 0.33907779
 0.40800754 0.05923762 0.28161219 0.0309156  0.13726589 0.61909248
 0.61641887 0.19570194 1.17030293 1.01555456 0.70256629 0.72651865
 0.5352248  0.56143392 0.03831102 0.36798415 0.53670975 0.30889408
 0.62040962 0.71821076 0.19658289 0.5892161  0.52679769 1.17020405
 0.35937433 0.10830356 0.32648363 0.38968222 0.15760109 0.81229958
 0.85050654 0.26953364 0.1150392  0.18377503 0.52252088 0.03180427
 0.35602508 0.97525589 0.23831481 0.02983255 0.30850627 0.04180806
 1.44895878 0.24821391 0.25662622 0.36198191 0.47820739 0.3025887
 0.41255739 0.40338087 0.43965698 0.18646774 0.59679261 0.09828416
 0.28632535 0.24231778]
***************************************************************
Test Residuals: [0.34574626 0.04174747 0.32660135 0.06216355 0.20748278 0.01210724
 0.40604207 0.05905697 0.09561856 0.54112806 0.63434017 0.36997955
 0.36241942 0.09264861 0.6217638  0.32365444 0.16652273 0.43084296
 0.46238519 0.09523802]
***************************************************************
