Selected Best Function: 7, (x0 + cos(-x0 + x0))*(x0*x0*x0 + x0)
Train MSE: 0.06868890674703856
Train NMSE: 9.821714046326487e-17
Test MSE: 0.04325834082169509
Test NMSE: 7.484713441791431e-17
***************************************************************
Train Residuals: [0.09756353 0.33135436 0.21582131 0.00514341 0.25664408 0.1320917
 0.21517669 0.02013096 0.03224348 0.01899049 0.23157665 0.08219402
 0.16172489 0.23263805 0.12641445 0.18544299 0.05263259 0.03278367
 0.09755432 0.14803883 0.00617833 0.0024727  0.00815247 0.09194977
 0.00386579 0.19464836 0.08791415 0.12862066 0.30993965 0.08839819
 0.25589912 0.26896288 0.20643378 0.08698411 0.10187904 0.28797898
 0.09341013 0.13437784 0.01307366 1.11172989 0.48304416 0.37409143
 0.22994017 0.18533448 0.23789391 0.22343852 0.28782207 0.10588799
 0.23126926 0.19083936 0.03676669 0.16208711 0.17285842 0.57125096
 0.10872173 0.48954892 0.17758287 0.27112421 0.03645239 0.48482393
 0.18869715 0.66780865 0.25522169 0.1753214  0.1829439  0.20384301
 0.09985056 0.70326341 0.01590301 0.14813965 0.17106238 0.10751579
 0.13032477 0.0697785  0.14609159 0.17248503 0.35933307 0.30800734
 0.06571661 0.06021497]
***************************************************************
Test Residuals: [0.16948257 0.22931212 0.26384271 0.25410633 0.19918435 0.00652399
 0.14141278 0.11548661 0.22202528 0.00642586 0.1629466  0.24276232
 0.27340166 0.2249739  0.241983   0.33341022 0.15664341 0.02509177
 0.30703373 0.16518393]
***************************************************************
