Selected Best Function: 7, log((x0 + 1)*(x0**2 + 1))
Train MSE: 7.295359985087346e-10
Train NMSE: 1.1147339186355312e-10
Test MSE: 1.1441502875756038e-09
Test NMSE: 3.3499278090287816e-10
***************************************************************
Train Residuals: [1.48265179e-05 2.33558045e-05 3.13308513e-05 1.19125708e-05
 3.20812027e-05 1.13355514e-06 1.89149003e-05 4.68527261e-05
 2.99497413e-05 1.38040269e-05 9.96131689e-06 3.04940245e-05
 1.28255575e-05 2.17935084e-05 3.93591033e-05 1.10125534e-05
 2.89743659e-05 4.12804289e-05 1.95236997e-05 3.00617280e-05
 4.01762884e-05 4.17310843e-05 1.11482742e-05 3.36590135e-06
 1.78603714e-05 9.38123967e-06 3.38568001e-05 2.51065161e-06
 2.13015528e-05 1.57614723e-05 1.74496898e-05 1.76621830e-05
 4.76514160e-05 3.58847590e-05 1.38515822e-05 1.39955599e-05
 2.56781664e-05 1.72495008e-05 2.09506992e-05 1.41157932e-05
 3.40557053e-05 3.75890726e-05 3.17465691e-05 1.24781531e-05
 1.07099614e-05 7.36879943e-06 2.75431613e-05 4.01455425e-05
 4.54752061e-05 1.90947126e-05 4.55176557e-05 1.12686434e-05
 2.62066927e-05 6.39983880e-06 1.04388392e-05 3.07706749e-05
 2.22444537e-05 1.63008093e-05 3.82077589e-05 2.01393352e-05
 4.67533546e-05 1.88495055e-05 9.11654603e-06 2.61372240e-05
 2.03864567e-05 2.24804696e-05 5.23462710e-06 2.82477668e-05
 1.26915073e-05 1.36446088e-06 4.60256309e-05 3.60545173e-05
 1.48110132e-05 3.78757974e-05 4.17270917e-05 3.30895299e-05
 3.38209680e-05 3.27089704e-05 3.09557022e-05 3.33381685e-05]
***************************************************************
Test Residuals: [3.10286867e-05 4.75243751e-05 3.27504946e-05 6.34960075e-06
 2.84596741e-05 3.17256457e-05 4.84925015e-05 1.22545142e-05
 2.28909228e-05 3.64750423e-05 4.79686601e-05 1.15750933e-05
 4.45038562e-05 2.79359189e-05 2.39861067e-05 2.28295382e-06
 1.79668153e-05 4.09368050e-05 4.66102792e-05 4.92796467e-05]
***************************************************************
