Selected Best Function: 5, log(x0*(x0**2 + x0))
Train MSE: 0.0018643808049362384
Train NMSE: 0.0002950345916142342
Test MSE: 0.002257886012823386
Test NMSE: 0.0002599995198122993
***************************************************************
Train Residuals: [5.53053653e-02 1.76929696e-02 2.80827906e-02 3.08902895e-02
 1.82474269e-03 6.51464602e-02 4.78707941e-02 3.35214953e-02
 9.77595185e-03 2.91757940e-03 4.10062859e-02 4.15389765e-03
 1.45633760e-02 3.92246484e-02 7.28989417e-02 2.92938983e-02
 2.26136981e-03 3.91043777e-02 6.34091174e-03 6.63315825e-02
 1.58838674e-02 3.47081146e-02 3.01665746e-03 3.53743320e-02
 5.58503810e-02 6.70464938e-02 1.34020805e-02 2.67657201e-02
 1.25492026e-02 1.94972336e-03 3.53322522e-02 4.96329075e-02
 3.92801844e-03 2.63624574e-02 4.32950487e-03 8.83731624e-05
 8.19419316e-03 1.37337394e-02 8.59322773e-02 6.00119790e-02
 7.14805186e-02 3.98364764e-02 1.43870869e-04 5.75643281e-03
 4.23169912e-02 2.38720133e-03 1.54881534e-02 5.06451315e-03
 4.02575720e-02 5.02869089e-02 6.65015756e-03 4.00828884e-02
 2.65662987e-02 2.51685595e-02 8.98097007e-03 4.98897862e-03
 1.99494769e-02 9.34164548e-03 1.34094416e-01 3.04703770e-03
 2.28357013e-03 9.03706223e-03 1.97381983e-02 3.44713778e-02
 1.35496447e-02 1.14733428e-02 7.94955280e-03 2.00834619e-01
 6.01727957e-02 3.83393719e-02 2.35127377e-02 8.09385080e-02
 3.13040118e-02 4.47564415e-03 2.37592280e-02 3.68720652e-02
 2.04821619e-02 3.24000524e-03 3.33302328e-02 7.17971042e-03]
***************************************************************
Test Residuals: [0.00350125 0.02318186 0.01964476 0.03058524 0.02620089 0.13506455
 0.04062895 0.00171102 0.07990876 0.00147761 0.00056841 0.00828849
 0.01401353 0.09369793 0.04296594 0.02987092 0.04703711 0.03418385
 0.01315795 0.03129432]
***************************************************************
