Selected Best Function: 8, x0**5 + x0**6.00003048015484
Train MSE: 55825249695746.85
Train NMSE: 1.064251521531895e-09
Test MSE: 14866293037114.777
Test NMSE: 8.956229828600864e-10
***************************************************************
Train Residuals: [2.30218631e+03 1.15125263e+06 7.35273946e+05 2.91589883e+05
 3.22258244e+06 8.19236130e+06 4.12646755e+06 1.55404482e+07
 8.74600657e+06 6.44246738e+04 1.97315328e+07 5.62316644e+00
 2.87407671e+05 8.95805109e+06 8.80557777e+06 4.85932540e+06
 7.78706874e+06 7.18326297e+06 7.56159699e+06 8.21719118e+06
 1.83388056e+06 5.20443928e+06 7.42568388e+06 7.87591564e+06
 7.55143003e+04 6.54666762e+06 1.87823435e+05 7.47375905e+06
 6.12945333e+06 1.08765788e+06 2.82618370e+04 5.90468519e+04
 1.02967517e+07 5.84828224e+06 1.32268354e+05 4.22869703e+06
 1.01380323e+06 2.30643244e+06 3.53787209e+04 6.50014048e+06
 8.96781588e+06 7.88258255e+06 4.44296137e+04 6.26312303e+06
 4.41905772e+06 1.55602745e+06 9.10034180e+05 3.89463887e+06
 7.53834616e+06 1.02412659e+06 3.71265578e+06 6.39625299e+06
 2.99520176e+06 1.13465325e+04 1.73146552e+07 9.94543850e+05
 2.52524079e+07 4.52233870e+00 8.91900695e+06 5.49891051e+06
 1.68797846e+07 2.18408714e+04 2.63748144e+07 1.06533763e+06
 7.76639182e+06 8.80737271e+06 4.15004910e+06 8.71982025e+05
 3.59168895e+06 1.57410086e+06 1.37329098e+06 3.10831023e+06
 4.88092350e+06 6.26087266e+05 3.23813218e+04 2.00131294e+06
 1.43687823e+06 9.10586337e+06 9.12729828e+06 1.18192936e+06]
***************************************************************
Test Residuals: [1.13410503e+03 1.84017972e+02 7.77555842e+06 7.97865798e+03
 1.16836401e+06 3.68968953e+03 5.40133876e+06 5.70103643e+03
 7.06429947e+05 8.36650552e+06 1.37238366e+03 2.63010375e+06
 2.84723349e+06 2.55584467e+06 8.54141828e+01 8.74969833e+06
 5.97200348e+06 7.77881734e+05 1.17895249e+06 2.36314549e+05]
***************************************************************
