Selected Best Function: 7, log((x0 + 1)*(x0**2 + 1))
Train MSE: 7.20297742458045e-10
Train NMSE: 9.741279890158432e-11
Test MSE: 7.715823333494989e-10
Test NMSE: 2.890055111552337e-10
***************************************************************
Train Residuals: [4.91763754e-05 4.93175605e-05 3.94712830e-05 4.58338952e-05
 2.16527789e-05 3.32447993e-05 1.93960948e-05 1.91462248e-05
 2.36185853e-05 9.13991520e-06 2.27621373e-05 3.71494229e-05
 1.82662578e-05 9.92053046e-06 2.01524727e-05 1.87869591e-05
 5.55177969e-06 2.91391084e-05 2.44071164e-05 1.59061108e-06
 3.35589247e-05 1.07258950e-05 2.35324545e-05 5.57357773e-06
 2.98037277e-05 2.28492548e-05 1.86804555e-05 7.90947188e-06
 3.23682135e-06 4.43252583e-05 3.57955163e-05 1.41464154e-05
 2.19727691e-05 3.42202586e-05 1.19144623e-05 5.03679214e-06
 4.52657996e-06 4.10513856e-05 1.87810492e-05 3.93313309e-05
 3.49089126e-05 2.57106259e-06 4.07355515e-05 3.09367211e-05
 3.74109663e-05 1.01066408e-05 1.15927157e-05 4.51952155e-06
 4.75848157e-05 1.77002645e-05 3.21916297e-05 1.37452922e-05
 1.47251451e-05 5.57987287e-06 3.72274410e-05 1.42313601e-05
 2.90487946e-05 1.93827964e-05 3.91523952e-05 5.83992244e-06
 1.13788872e-05 4.48966239e-05 2.51346227e-05 2.68966088e-05
 4.96026923e-05 2.71456002e-05 2.82559506e-05 2.50971218e-05
 1.03744963e-05 2.00355759e-05 4.68883315e-05 1.24105099e-05
 3.34766450e-05 2.03120431e-05 1.49801218e-05 3.23845067e-05
 1.46405305e-05 1.76456851e-05 1.93633156e-05 2.09541935e-05]
***************************************************************
Test Residuals: [4.62060276e-05 4.00723112e-06 4.29904333e-05 8.34682795e-06
 2.60759142e-05 4.93447188e-05 1.08712350e-06 2.35994208e-05
 4.60033454e-05 3.84263542e-06 1.39723245e-05 4.40150692e-05
 1.89890665e-05 4.47451836e-08 1.53374302e-05 7.36092383e-06
 4.22303952e-06 1.05567143e-05 2.49054333e-05 4.50176022e-05]
***************************************************************
