Selected Best Function: 3, x0**(x0/(x0 + x0))
Train MSE: 0.013082093889279566
Train NMSE: 0.0026115707442812717
Test MSE: 0.005805607470624049
Test NMSE: 0.0015649591809779833
***************************************************************
Train Residuals: [0.02201674 0.02101301 0.07627231 0.08633223 0.02711643 0.003492
 0.11330946 0.13480369 0.11873564 0.08246797 0.05903636 0.13655706
 0.0999743  0.1885271  0.06131545 0.20246743 0.01201509 0.11526219
 0.16216586 0.03667022 0.07076333 0.01879723 0.15681877 0.01714018
 0.03647203 0.09126086 0.22041931 0.10387326 0.19289436 0.04014568
 0.05531349 0.12434549 0.04069506 0.21361271 0.02367899 0.03680041
 0.06612073 0.09347042 0.03713603 0.11657177 0.13933085 0.10706484
 0.15796172 0.11603215 0.18400668 0.04127975 0.14330311 0.01374994
 0.10223969 0.03519757 0.01441305 0.07177609 0.0655274  0.14863244
 0.0471703  0.15279241 0.0565338  0.04212599 0.00584144 0.13565449
 0.04403587 0.02105615 0.03338806 0.16199314 0.18153081 0.01076888
 0.22807389 0.08737189 0.13358724 0.06406234 0.10787941 0.06397773
 0.10390379 0.11239648 0.02445287 0.00586805 0.33839603 0.20609647
 0.17981005 0.02835575]
***************************************************************
Test Residuals: [0.08311531 0.04719869 0.0319044  0.00263057 0.03766636 0.08601335
 0.12427163 0.13711699 0.04368936 0.16240548 0.10126773 0.10674505
 0.01570226 0.07428395 0.024158   0.05721577 0.0468025  0.01621819
 0.00554524 0.02915099]
***************************************************************
