Selected Best Function: 5, 1.0624778*x0**5.98901160107481
Train MSE: 911759351724000.8
Train NMSE: 2.0797112151308794e-08
Test MSE: 1226597709106664.5
Test NMSE: 6.078063971181365e-08
***************************************************************
Train Residuals: [3.83054010e+07 1.36969087e+02 2.75751742e+06 2.91946665e+06
 5.80720022e+07 1.48097709e+06 2.90714395e+07 1.55558814e+07
 1.97684590e+07 5.74089102e+07 8.12771495e+06 2.55784857e+07
 3.20774688e+02 8.19712176e+05 1.24379028e+07 1.09902667e+05
 4.13116352e+07 1.04275957e+07 1.49091205e+05 4.56340740e+07
 9.63765185e+05 3.18454756e+07 5.75184084e+07 1.20059160e+07
 5.72370338e+07 1.48331173e+07 2.00480535e+06 4.29010161e+07
 9.46480651e+06 4.61943791e+07 1.43850952e+07 5.37975710e+07
 9.27971789e+04 3.76820001e+07 1.57336871e+07 4.58980363e+07
 4.31431784e+07 6.03433284e+03 1.44484495e+07 4.15468939e+07
 8.28746281e+06 4.61162527e+05 3.36221542e+07 3.94306179e+07
 5.85936277e+07 2.18176032e+06 1.52916191e+05 4.08931327e+07
 5.89775561e+07 3.69341235e+06 5.89654783e+07 3.47865324e+04
 1.06815623e+07 6.75306821e+06 3.15608637e+05 5.88080290e+07
 1.45382628e+07 5.81288188e+07 1.60307701e+07 5.61183662e+07
 1.43070455e+07 2.84223648e+06 4.87888166e+07 4.65390878e+06
 8.13475428e+06 8.77616984e+06 1.60129061e+05 7.05407393e+06
 3.00412492e+07 2.92363105e+07 7.19173575e+04 3.27085395e+07
 1.60967607e+07 1.77869666e+07 8.10867325e+05 1.68385501e+07
 4.71236979e+06 5.89483608e+07 1.42733408e+07 1.37441855e+07]
***************************************************************
Test Residuals: [1.75621895e+07 9.21879012e+06 5.27791107e+07 5.49672389e+07
 8.05720038e+02 4.24818636e+04 4.21993093e+06 2.56968538e+07
 9.32155032e+05 2.90274883e+02 3.31298104e+07 5.87244954e+07
 2.17608172e+07 5.88521288e+07 1.48880390e+07 2.45152855e+02
 5.12107791e+07 2.35538453e+06 5.64190670e+07 5.60034410e+07]
***************************************************************
