Selected Best Function: 4, x0*(x0 + x0*x0) + x0
Train MSE: 0.00011688164688355247
Train NMSE: 1.333318047161381e-15
Test MSE: 0.00013304369032050267
Test NMSE: 2.128225554982556e-15
***************************************************************
Train Residuals: [0.00610857 0.01130274 0.01486966 0.00601234 0.01740522 0.01347244
 0.00563898 0.01520859 0.00191753 0.00551035 0.00035826 0.00931964
 0.01206511 0.00651438 0.00096522 0.00140097 0.01090935 0.0059439
 0.01351007 0.01909656 0.01513945 0.02128863 0.02898673 0.0003286
 0.00113277 0.00568055 0.00214417 0.01295733 0.0018963  0.00348211
 0.01496953 0.00963288 0.00644523 0.00969437 0.00537452 0.00891067
 0.01398746 0.01195007 0.01157094 0.02128164 0.0047364  0.01093114
 0.00951528 0.0058995  0.00044519 0.00178938 0.01151177 0.00043252
 0.01227163 0.01506167 0.00054878 0.00506856 0.00153704 0.01217307
 0.01464395 0.00590632 0.0107233  0.02024339 0.00330736 0.0145159
 0.01462866 0.00893878 0.00177304 0.0081106  0.01003557 0.02177012
 0.0004715  0.02308112 0.00058421 0.00119542 0.00801283 0.00573099
 0.00877521 0.00641699 0.01664506 0.00090971 0.00276577 0.00193365
 0.00090892 0.00246715]
***************************************************************
Test Residuals: [0.00524088 0.013025   0.01728109 0.00695708 0.00032747 0.00042796
 0.00728808 0.00203446 0.00247105 0.02666023 0.00285606 0.00095343
 0.00078993 0.0009202  0.00552935 0.01642457 0.01189504 0.01945217
 0.02247783 0.00250821]
***************************************************************
