Selected Best Function: 6, (sin(x0) + sin(x0))*cos(x1)
Train MSE: 0.011662271530522836
Train NMSE: 0.011318421517434554
Test MSE: 0.009038220562565088
Test NMSE: 0.008314247200421562
***************************************************************
Train Residuals: [0.13342957 0.04122433 0.07984283 0.05230366 0.06552148 0.15145965
 0.0784831  0.02800023 0.03174845 0.01039318 0.21144632 0.02103467
 0.18881206 0.11949357 0.08608738 0.03442397 0.17269532 0.07641287
 0.04804341 0.29745824 0.05280373 0.04931489 0.06220935 0.05753537
 0.02330596 0.06196782 0.02276611 0.02020515 0.0322488  0.05551632
 0.04289309 0.105965   0.09379489 0.03803732 0.11226234 0.17170222
 0.03946694 0.09455231 0.08426102 0.05319648 0.18408365 0.17544684
 0.08067398 0.06763567 0.24776535 0.03310839 0.00732043 0.07357816
 0.03944864 0.10970146 0.07621226 0.15441455 0.01416006 0.1038812
 0.06550342 0.04315122 0.10044518 0.02003979 0.04457538 0.04782966
 0.09816113 0.1308576  0.10334601 0.10534784 0.00496588 0.1009071
 0.27754308 0.02471168 0.11202997 0.02522021 0.04865064 0.22470868
 0.01684439 0.07017582 0.06752413 0.13586951 0.12089644 0.12396917
 0.14758079 0.17322916]
***************************************************************
Test Residuals: [0.07482172 0.01328294 0.06554454 0.03484207 0.08354231 0.05279202
 0.01993666 0.13623312 0.20259277 0.01527913 0.08043243 0.12372719
 0.00668033 0.06225527 0.01753154 0.00088891 0.03991192 0.16488084
 0.20828765 0.03619967]
***************************************************************
