Selected Best Function: 7, sin(x0*x0)*cos(x0) - x0/x0
Train MSE: 9.305303732755139e-05
Train NMSE: 0.0004232359315584215
Test MSE: 8.194191225970138e-05
Test NMSE: 0.0004201772675189421
***************************************************************
Train Residuals: [1.38289161e-03 5.70661916e-03 2.66373664e-03 7.37089404e-03
 6.95909528e-03 1.39131499e-02 2.00618535e-03 9.76281057e-04
 1.09332424e-02 6.00247276e-03 1.96651128e-02 7.71055908e-03
 4.53081684e-03 4.04557413e-03 8.57974922e-03 4.35159730e-03
 8.78195605e-03 1.51210385e-02 1.38588148e-03 9.02421388e-04
 8.33791795e-03 8.47530505e-03 4.68540740e-03 1.10698434e-02
 2.31704196e-04 9.36899798e-03 1.34373347e-02 2.98191227e-04
 1.91107274e-02 3.70009385e-03 1.57387560e-02 1.20196655e-03
 3.61650012e-03 1.67821669e-02 5.22664238e-03 4.08059899e-03
 4.95786106e-03 4.39015804e-03 1.29072846e-02 8.44399896e-05
 1.24314560e-02 1.11750767e-02 5.13984351e-03 1.17804330e-02
 9.49488515e-06 8.24701663e-04 1.23409531e-02 1.88913904e-02
 2.40896936e-02 2.62749560e-03 7.08978153e-03 6.11035775e-03
 7.20629502e-03 4.73703069e-03 1.38320638e-02 6.47058037e-03
 1.68415704e-02 8.76985913e-03 5.16672856e-03 2.24598241e-02
 2.90179560e-03 1.08420234e-02 1.69776551e-02 2.79954556e-04
 3.92912747e-03 7.53714321e-03 4.25916633e-03 2.85309966e-04
 3.55838132e-03 1.37615652e-02 1.05222121e-02 1.15554218e-02
 3.25359075e-03 2.52823175e-03 5.89603145e-03 7.68789071e-03
 3.90464576e-03 1.81946338e-02 3.37279326e-03 9.05665234e-03]
***************************************************************
Test Residuals: [0.00684652 0.01197332 0.0241226  0.00577933 0.00654572 0.00273601
 0.01312515 0.00039061 0.005947   0.00377728 0.01594011 0.00038991
 0.00298587 0.00149623 0.00624152 0.00078752 0.00445725 0.00792633
 0.01268213 0.00352328]
***************************************************************
