Selected Best Function: 5, (sin(x0) + sin(x0))*cos(x1)
Train MSE: 0.0009253384794632495
Train NMSE: 0.0011951006863761444
Test MSE: 0.0008902289846522738
Test NMSE: 0.0013868043045813867
***************************************************************
Train Residuals: [0.02963171 0.05211672 0.03289696 0.00696989 0.03661053 0.04776276
 0.00895404 0.00472601 0.00565587 0.01595342 0.03684493 0.01356199
 0.02862714 0.03481126 0.01839408 0.02708234 0.03103056 0.00168763
 0.00528059 0.01391347 0.00765115 0.00300873 0.00908484 0.00766215
 0.03964731 0.00011888 0.00292236 0.03602792 0.09943231 0.02306014
 0.01030176 0.03653667 0.0699013  0.05440728 0.00289654 0.03100644
 0.02213091 0.01234919 0.0142895  0.01919608 0.01630936 0.03968564
 0.02588554 0.00311935 0.01675366 0.01100866 0.01555677 0.03088572
 0.0088992  0.00695392 0.04331792 0.01023068 0.00280578 0.00913966
 0.04465723 0.01699032 0.00307003 0.04282056 0.01156117 0.06528503
 0.02099377 0.0509588  0.03722892 0.00367598 0.04556636 0.00629597
 0.0056074  0.01858016 0.03461058 0.01164624 0.02026548 0.06645485
 0.03319631 0.02016825 0.0279773  0.03161406 0.00210998 0.00582318
 0.03800433 0.04216084]
***************************************************************
Test Residuals: [0.0078737  0.0404186  0.00137881 0.01044834 0.03966327 0.03937725
 0.07166914 0.03793558 0.01959723 0.03670127 0.01010109 0.00602165
 0.01304766 0.00871487 0.04311276 0.02444596 0.01524942 0.02799987
 0.02344039 0.01267726]
***************************************************************
