Selected Best Function: 10, (x0 + x0*x0)*(x0*x0 + cos(0.045825202)) + (0.5074153 - 1*1.3571088)/1.8144343
Train MSE: 24.084483009308048
Train NMSE: 3.9741773291573674e-14
Test MSE: 29.618647605543835
Test NMSE: 2.944222324920219e-14
***************************************************************
Train Residuals: [ 5.71144934  6.40910219  1.12304281  4.45763835  3.87258254  7.1057953
  5.32790384  5.15775518  5.16868069 10.31866491  0.97986167  2.65012044
  2.05250649  9.68601067  3.36573688  8.10447825  6.51094616  4.51272054
  0.61806329  5.71646954  0.80343038  0.48971232  9.06021339  5.90790515
  0.5475902  11.05305977  0.50903225  0.56418117  0.5742864   3.25424097
  0.7669173   5.67436458  1.67395088  1.23536835  0.603102    6.32697384
  5.04961998  6.19795291  7.496906    5.36863729  3.44386317  6.96031308
 10.95553963  0.95168038  0.47049325  3.71334602  1.4987664   8.79123318
  0.47749134  5.40076349  0.58627821  4.00221472  1.73844817  9.36610676
  3.37827165  6.90678875  0.5017524   0.49555743  1.12912654  0.59185395
  0.92166055  1.50823937  7.58625844  1.88694119  9.25588714  4.34939004
  0.48765608  4.34430553  2.13582458  0.93272168  7.12612602  1.33862724
  2.88973712  1.01645381  2.63984568  5.25030975  3.96278001  6.42024599
  1.16577157  0.68161522]
***************************************************************
Test Residuals: [10.0535721   3.68467821  0.47506008  3.90929303  0.75972835  1.43120203
  0.4738597   0.63025541  4.07312246  0.55230586  1.55404041  0.74131004
 10.56013349  1.62385726  9.61341737  9.66025637  7.32024208  7.41264843
  1.00556525  5.4470313 ]
***************************************************************
