Selected Best Function: 7, x0*(x0*x0 + x0)*(x0*x0*x0 + x0)
Train MSE: 21192595.715990815
Train NMSE: 3.089550783318795e-16
Test MSE: 16425470.573693683
Test NMSE: 4.197995249509027e-16
***************************************************************
Train Residuals: [4.25344734e+03 7.92160669e+03 1.60380655e+03 3.43152774e+03
 2.42307062e+02 3.33932446e+03 2.92880693e+03 2.41722815e+03
 1.70628690e+01 7.55542212e+03 5.10692003e+03 2.06872373e+01
 2.56537655e+03 6.27137921e+03 9.28052502e+03 4.92445847e+03
 1.48575207e+02 1.00402449e+04 1.43373320e+03 9.98092285e+03
 1.03785055e+03 5.16375934e+03 4.63662590e+03 1.04437657e+03
 3.88699863e+03 8.32247761e+01 4.15084421e+03 6.33859400e+02
 5.59981274e+03 5.89903636e+02 8.55119775e+03 6.95259090e+02
 1.79140442e+03 6.36590033e+03 8.09483771e+02 2.45635869e+03
 2.17961586e+03 6.46114615e+03 1.75815468e+03 6.25563489e+03
 3.52743063e+01 9.76418420e+03 7.81273173e+02 6.33437201e+03
 9.68941277e+02 9.86230017e+03 8.69823425e+03 2.14259310e+03
 4.80224939e+01 4.26654477e+03 9.44289293e+02 2.54560480e+03
 1.01284665e+03 1.79989462e+03 5.90028610e+03 1.96324768e+03
 8.08550882e+00 7.50357300e+03 1.09598912e+03 4.62773388e+02
 3.35067992e+03 8.33256396e+03 8.38672595e+03 6.74448264e+02
 4.18916658e+03 8.64293713e+03 2.21187110e+00 5.94671509e+02
 1.42623919e+03 3.16964961e+03 7.76370398e+03 1.58008319e+03
 3.72778384e+03 3.22559038e+03 8.49245119e+02 7.98308532e+02
 6.19284143e+02 7.00662748e+02 2.57562248e+03 3.50151837e+03]
***************************************************************
Test Residuals: [ 136.75412014  239.08837838 4994.28834534  748.62397951 9550.
 6832.73687744 3454.77509308  764.78983903  962.61640251 4396.99493408
 5570.12490845 6898.36114502 1076.65263104 1176.33845329 2615.95993423
  754.03541303  354.67493396  437.38072489 5540.67584229 3560.36491394]
***************************************************************
