Selected Best Function: 7, log(x0**3 + x0**2 + x0)
Train MSE: 0.0001982725412642352
Train NMSE: 2.7029089755519215e-05
Test MSE: 0.00015849855424777363
Test NMSE: 2.386425917048306e-05
***************************************************************
Train Residuals: [1.74426419e-02 2.20502946e-02 1.04451634e-02 1.79358183e-02
 6.61610929e-03 6.40599501e-03 7.29873367e-02 4.39817143e-03
 2.26186674e-02 1.06944542e-02 8.72002187e-03 1.04740804e-03
 7.29049315e-03 1.08722969e-02 7.51233420e-03 1.63932199e-02
 1.95309361e-03 2.49594860e-02 3.67850574e-03 6.38015111e-03
 5.77603945e-03 1.72356030e-02 1.36322354e-02 1.76526582e-02
 2.16269492e-03 1.00925025e-02 3.48447030e-03 1.55495612e-03
 1.09632489e-02 1.02623299e-02 8.40747635e-03 2.40651640e-05
 9.96079589e-03 7.76242584e-03 9.82969706e-03 1.50979709e-02
 1.93872372e-03 2.91658991e-03 2.23368838e-02 8.97139993e-03
 2.35754589e-02 1.14459613e-02 1.62424085e-03 1.40218190e-03
 8.50136895e-03 5.99329244e-03 1.35205344e-02 1.26378724e-02
 7.59512238e-03 1.19811356e-03 1.25686870e-03 3.84314582e-03
 1.09621311e-02 3.10703252e-02 7.02346956e-03 1.87037138e-03
 6.91397501e-03 8.05668472e-04 1.41326730e-02 2.37074758e-02
 1.61953626e-02 1.70670853e-02 5.57895925e-04 5.80664398e-03
 5.94364625e-03 3.24365114e-03 8.42004915e-03 8.87040102e-03
 8.54913832e-03 3.98017823e-03 6.98130491e-03 8.96807764e-03
 2.38744435e-03 3.77694649e-03 1.18334789e-02 5.88762489e-03
 1.53889565e-02 1.94556368e-02 2.54402804e-03 4.88613608e-03]
***************************************************************
Test Residuals: [1.13897327e-02 4.60074919e-03 3.75356598e-02 3.11198412e-04
 9.82030761e-04 9.67249760e-03 7.11878092e-05 1.31547058e-02
 2.32704282e-03 1.45207304e-02 2.27313811e-02 2.97134034e-03
 1.17957121e-02 6.22554165e-03 4.72856804e-03 5.32740970e-03
 9.53096247e-03 1.61556295e-02 4.28903413e-03 1.33980313e-03]
***************************************************************
