Selected Best Function: 5, sin(x0) + sin(x0*x0 + x0)
Train MSE: 0.04489558990815233
Train NMSE: 0.04039455206113315
Test MSE: 0.03150920001907499
Test NMSE: 0.026349796716944207
***************************************************************
Train Residuals: [0.34398898 0.04972004 0.06597454 0.07392675 0.12378174 0.24443102
 0.2330772  0.50941066 0.15847218 0.16295315 0.29729169 0.00647451
 0.40812797 0.07485568 0.11976959 0.08029146 0.24435931 0.08042871
 0.01057848 0.23310635 0.0263175  0.03944543 0.24927959 0.36351725
 0.31308745 0.0833581  0.15216744 0.10119981 0.55449888 0.02225938
 0.15784896 0.15457288 0.03687554 0.21872603 0.41076583 0.14322305
 0.00737709 0.09153926 0.02016158 0.08320849 0.00220721 0.13972517
 0.02369165 0.00914356 0.45414718 0.13035769 0.11158474 0.18260036
 0.14648658 0.20770735 0.08564304 0.0516319  0.20314987 0.26237219
 0.51222274 0.11739911 0.1215659  0.15757336 0.24662187 0.09018976
 0.05361813 0.10709496 0.09353937 0.17181165 0.24515445 0.0100627
 0.26633657 0.00288335 0.03454646 0.16722819 0.31542431 0.30875984
 0.05388612 0.11951999 0.4177866  0.15930636 0.08754354 0.18082261
 0.27110236 0.27425775]
***************************************************************
Test Residuals: [0.02715105 0.01269803 0.13069103 0.17376162 0.28383544 0.06135164
 0.14306494 0.0899727  0.33729374 0.26833964 0.15664636 0.21238618
 0.04914647 0.34719084 0.09411891 0.12784121 0.09627016 0.13422282
 0.10886953 0.16250849]
***************************************************************
