Selected Best Function: 10, sin(x0*x0)*cos(x0) - 0.9889947
Train MSE: 0.2653576865595241
Train NMSE: 0.4883081177802148
Test MSE: 0.13589920289223148
Test NMSE: 0.43497835500484827
***************************************************************
Train Residuals: [1.34055332 0.09242108 0.43589659 0.76025469 1.28159865 0.94998873
 0.09306123 0.12926042 0.14481923 0.45963204 0.0421467  0.25261211
 0.45590129 0.46521143 0.10590187 0.65355425 0.28582255 0.25357347
 0.11008722 0.23979557 0.50323934 1.02422622 0.53620801 0.1951897
 0.10253644 0.13359952 1.05852812 0.24973072 0.16950177 0.50386924
 0.14413323 0.07736221 0.55253463 0.70317139 0.31744292 0.5250929
 1.62769582 0.25599661 0.28065407 0.07159637 0.4334533  0.36999556
 0.04686087 0.30653459 0.23083612 0.58947624 0.72945395 0.05703931
 0.04932983 0.87866046 0.42169105 0.23923391 0.75652376 0.73783325
 0.26066997 0.03704957 0.0304598  0.72519486 0.44447557 0.49081161
 0.08574861 0.30070172 0.8362546  0.27201107 0.11703742 0.03994858
 0.05045294 0.47513866 0.39334803 0.04780622 0.41588625 0.62135976
 0.32272102 0.73555442 0.10598942 0.22474902 0.45535731 0.32714093
 0.37689836 0.27022076]
***************************************************************
Test Residuals: [0.60112764 0.08032122 0.1917362  0.00191015 0.10101599 0.26855394
 0.04101548 0.26855738 0.0658754  0.40217869 0.3422342  0.53675528
 0.06401371 0.02418835 0.31814405 0.82716433 0.19243053 0.05389522
 0.53741092 0.68346117]
***************************************************************
