Selected Best Function: 11, x0**3*(x0**2 + 1.9067761868061*x0) + x0**5.99998152005692
Train MSE: 69965858446725.086
Train NMSE: 1.8183037946990263e-09
Test MSE: 101755549226809.19
Test NMSE: 4.636745636418676e-09
***************************************************************
Train Residuals: [1.20374536e+07 9.53446135e+06 1.17260687e+07 4.69392227e+06
 3.51612432e+06 1.27960578e+07 8.89773478e+05 3.66069296e+02
 2.50391724e+06 1.57000037e+07 2.09210789e+06 1.36141910e+07
 2.32416014e+05 8.10207745e+04 8.27736734e+03 1.27438447e+06
 1.26919471e+07 9.16513924e+06 3.32495218e+04 1.97676663e+06
 1.62058850e+01 4.59266446e+06 9.04846941e+04 1.45664214e+07
 8.18591596e+06 6.40214665e+03 1.13392164e+07 1.44077499e+07
 1.50673099e+07 8.61483755e+06 1.27491554e+07 8.51515719e+03
 3.71446296e+05 1.32230187e+07 1.37779532e+07 7.32333837e+06
 1.24320126e+06 1.00278601e+07 5.59042542e+06 1.24231441e+07
 1.45071249e+07 2.78139076e+06 7.48775974e+03 1.57759174e+07
 6.75903524e+06 6.90866281e+06 5.85097180e+04 1.30039183e+07
 3.11237973e+06 1.09815831e+07 3.81093953e+05 2.59318318e+03
 1.57108209e+07 1.38271148e+06 7.52045096e+06 1.55689818e+07
 2.11783810e+05 1.38017224e+07 8.56796183e+02 1.30762226e+07
 2.31001024e+04 1.15720086e+05 1.51407411e+07 3.40187768e+03
 3.30020337e+05 2.05717961e+06 2.35717691e+06 6.24447283e+06
 3.39521960e+04 7.67478822e+06 1.58285340e+00 1.46205131e+06
 3.59164500e+06 1.49089909e+07 2.62594337e+06 1.30350960e+07
 1.45014557e+04 2.15895759e+06 6.58261557e+05 4.81640512e+03]
***************************************************************
Test Residuals: [1.67955079e+05 2.87013764e+00 1.64211886e+03 1.57064031e+07
 1.75192686e+06 1.12359072e+07 1.27084420e+04 9.87121263e+06
 1.43228959e+07 1.26972647e+06 8.64449240e+06 1.52679330e+07
 9.56621637e+06 1.49282604e+07 2.01777903e+05 1.54977426e+07
 1.54353952e+07 1.57516778e+07 7.66904155e+05 2.34523318e+06]
***************************************************************
