Selected Best Function: 8, (x0*x0 + x0)*(x0*x0 + cos(-x0 + x0))
Train MSE: 0.00010510892930394098
Train NMSE: 1.2986692363132882e-19
Test MSE: 7.898578255569406e-05
Test NMSE: 1.5192733665155766e-19
***************************************************************
Train Residuals: [0.0088687  0.00765321 0.00959814 0.00493152 0.00201361 0.00533618
 0.00126679 0.01333297 0.00161039 0.02379427 0.01032483 0.01224012
 0.01282938 0.01614649 0.00183471 0.01311238 0.01422509 0.00244325
 0.00112119 0.00747599 0.02461971 0.01015539 0.00484124 0.01062936
 0.0132767  0.01550487 0.00034263 0.00636942 0.00878514 0.0119552
 0.01326504 0.00749393 0.01235363 0.00020066 0.00658283 0.0154837
 0.00577039 0.02785487 0.01250073 0.00309794 0.00460525 0.01116107
 0.00845718 0.01434816 0.00916841 0.00193149 0.01363951 0.00783421
 0.01102625 0.00311605 0.00887469 0.00982545 0.00097254 0.00509999
 0.00786217 0.00254362 0.01321282 0.00400388 0.00703264 0.00402768
 0.00215083 0.00232281 0.00060326 0.01067107 0.00880764 0.00410555
 0.00272729 0.00559983 0.00331853 0.01454342 0.01692192 0.00136815
 0.00122114 0.02184893 0.0004707  0.00675714 0.00428868 0.00357113
 0.01737674 0.00657771]
***************************************************************
Test Residuals: [0.01090733 0.00559735 0.0031427  0.01196668 0.0098983  0.01814457
 0.00543294 0.01073389 0.00351629 0.00985366 0.00243258 0.01571082
 0.0131836  0.00104031 0.00328937 0.00442176 0.00096732 0.00076032
 0.01031172 0.00539343]
***************************************************************
