Selected Best Function: 7, (x0*x0 + x0)*(x0*x0*x0 + x0)
Train MSE: 3943.58489059096
Train NMSE: 4.8975756361840315e-16
Test MSE: 4185.235021988103
Test NMSE: 6.642757334532888e-16
***************************************************************
Train Residuals: [76.57802963 26.94133202 98.99379539 79.36902428 42.90752807 66.86906266
 58.79213238 87.83549404  7.05821995 21.64733034 75.81045341 75.5249629
 34.44471804 11.09373045 76.35839415 12.11858876 84.67483807 28.15437533
 31.11791456 21.72005598 10.44796674 43.56386206 91.02705002 47.4826228
 76.05905628 48.30168986 81.53344631 37.32890806 54.75563258  9.21262064
 92.82048416 92.8771944  96.84589767 66.90956926 23.51807835 68.83460641
 74.75407362 86.1955204  90.90536594 84.40347099 53.36135465 44.76729438
 89.02036095 41.06722251 99.10899353 19.09934283 25.2520014  69.31044865
 27.71044592 65.57888198 13.34192698 54.54714769 69.18516183  1.83783193
 47.59462541 89.69026756 52.51899254 62.92283773 16.76263081 95.47833538
 57.51623273 94.68389988 41.58672734 89.74299908 95.37928486 59.28304172
 56.70582843 16.02427611  1.16945076 90.7396965  38.06913334 66.35043645
 48.35937679 24.74552779 97.40712738 80.54126215 47.71832275  6.83732739
 37.37693284 75.28673077]
***************************************************************
Test Residuals: [68.13369179 39.10953844 23.73187227 92.72089291 83.6958518  42.26498708
 54.44605476 51.1470874  81.68499804 44.68294087 92.65559196  3.47019233
 84.67549419 68.29654527 11.94856224 47.31006292 54.72030473 89.3907671
 90.0315733  58.55492055]
***************************************************************
