Selected Best Function: 10, x0*x0*(x0*x0 + x0) + x0*x0*x0*x0*(x0*x0 + x0)
Train MSE: 21192042.071069725
Train NMSE: 3.0894700705041384e-16
Test MSE: 16425008.192732116
Test NMSE: 4.1978770749368323e-16
***************************************************************
Train Residuals: [4.25344434e+03 7.92162256e+03 1.60392942e+03 3.43087975e+03
 2.41801159e+02 3.33894358e+03 2.92894775e+03 2.41705166e+03
 1.66793059e+01 7.55602765e+03 5.10716444e+03 2.05460724e+01
 2.56572769e+03 6.27040097e+03 9.28109338e+03 4.92383504e+03
 1.48708672e+02 1.00410591e+04 1.43368150e+03 9.97893420e+03
 1.03753205e+03 5.16408794e+03 4.63651105e+03 1.04427787e+03
 3.88722343e+03 8.35343000e+01 4.15139214e+03 6.34738048e+02
 5.60018579e+03 5.89564746e+02 8.55056274e+03 6.94780537e+02
 1.79098804e+03 6.36604346e+03 8.09379354e+02 2.45650764e+03
 2.17985224e+03 6.46190533e+03 1.75790981e+03 6.25530328e+03
 3.53685156e+01 9.76389233e+03 7.82267257e+02 6.33435147e+03
 9.67971301e+02 9.86192395e+03 8.69809106e+03 2.14127205e+03
 4.77795076e+01 4.26680751e+03 9.44635449e+02 2.54542870e+03
 1.01231308e+03 1.80015147e+03 5.90073328e+03 1.96272696e+03
 8.63420743e+00 7.50379437e+03 1.09648777e+03 4.63064801e+02
 3.34984510e+03 8.33182642e+03 8.38663953e+03 6.74840386e+02
 4.18897748e+03 8.64240576e+03 1.82357327e+00 5.93939265e+02
 1.42607246e+03 3.17063736e+03 7.76333722e+03 1.58049367e+03
 3.72903146e+03 3.22552051e+03 8.50020250e+02 7.98018898e+02
 6.20333110e+02 7.01109304e+02 2.57635921e+03 3.50124099e+03]
***************************************************************
Test Residuals: [ 137.52455767  239.43938349 4994.70762634  748.92450786 9549.26013184
 6832.76031494 3454.07697296  764.56419975  963.95477569 4397.32699585
 5569.52035522 6898.77532959 1076.45699954 1175.81040192 2616.69713593
  754.21678019  354.2085189   437.22955455 5540.39520264 3560.55307007]
***************************************************************
