Equation: x4
Residuals:
478.7516 501.1194 585.9338 591.7925 748.4357 817.8639000000001 880.9672 965.4312 971.2823 977.0544 993.0745 1089.1302 1102.0052 1107.0723 1153.5007999999998 1165.7155 1322.7888 1470.5021 1707.6097 2054.1585999999998

Equation: x1 ^ x3
Residuals:
448.7885004325838 467.4788124321034 546.0230413067059 541.5368293630521 675.8195436613589 727.5829198746957 766.9678854987333 820.6918836501047 783.2022207589753 759.4709106926191 712.2272761841219 761.0975958898259 616.1351244356038 509.8208203357972 436.2604961135404 157.23252628401167 83.4052105501728 296.0221501951314 508.19082349457494 782.6677099494436

Equation: (x0 ^ x3) - x1
Residuals:
454.75922939977596 470.7450421743689 549.3483965398138 545.222777615282 680.5793664244626 739.1771623894831 770.3442758147783 827.5759963675224 791.1718316979733 763.494556456096 722.8410501928291 763.3605857491475 633.8617136921612 481.92372481359234 453.0141335154982 171.65146722323925 78.29486719509873 245.65794782069224 575.9561059808179 681.2518208385518

Equation: 111.42783359435747 * x2
Residuals:
145.33279924519707 157.36279680412463 222.6353130412828 224.47716876501045 371.32310549190987 421.5370191466483 474.0775610383871 549.531607033728 543.2974309050676 536.2602589082787 543.1590059365876 630.2045947152883 636.2456978990001 626.3444120136836 664.1120987264482 663.7008112634105 811.3003320075768 940.7303678145861 1167.298209706325 1502.9610541804836

Equation: (638.7137327465762 + x4) + sin(x4)
Residuals:
160.0770708139105 137.62881856100648 52.64513697862958 46.704069571405626 110.00121187455625 179.53063991806516 242.70537909335758 327.25086073084526 333.2219977070728 339.0307528706569 355.1440365652941 451.24824765602943 464.1833573272587 469.2939385104014 515.7579784288072 527.9842798794024 685.0735002798671 832.7882839073678 1069.8894180278544 1416.4113057974828

Equation: x1 - (x3 - (x3 - -900.7114146650036))
Residuals:
422.02441466500363 399.6798146650036 314.72271466500365 308.8946146650036 152.3003146650035 82.91211466500363 19.824514665003562 64.67188533499643 70.54278533499632 76.31128533499634 92.30548533499632 188.44258533499647 201.2630853349964 206.39808533499638 252.8340853349963 264.9953853349965 422.06818533499654 569.7235853349964 806.9004853349963 1153.4475853349963

Equation: cos(x3) - (x3 - (x3 - -900.7114146650036))
Residuals:
417.9343603213798 395.4856670056349 310.5037705775841 304.5717197005738 147.91402808530324 78.39706769874067 15.260583476123657 69.22619612984056 75.1667463655308 80.94245623222673 97.05337206637955 193.1055842518764 205.96967861135454 211.04007184977058 257.54372227807164 269.66267465234773 426.8193694905357 574.4554114196386 811.5423093086222 1158.1758483064755

Equation: sin(cos(x4)) - (x3 - (x3 - -900.7114146650036))
Residuals:
418.09554290065387 395.6437652076529 310.6643097779205 304.7300762072738 148.03179694417054 78.51711900036332 15.355346343780525 69.17253178427097 75.11131940090672 80.90836795495932 96.98698905847732 193.0697177193697 205.97387779474275 211.05812586012007 257.4971439260555 269.71430730040606 426.7897158662405 574.5030750327435 811.6111728719884 1158.1653038356485

Equation: -476.2483170785697 - (x3 - (x3 - -1376.9571277318112))
Residuals:
418.93081065324145 396.4823106532415 311.4982106532415 305.55581065324145 148.84851065324142 79.31301065324146 16.13111065324142 68.42658934675853 74.4271893467585 80.24878934675849 96.40718934675851 192.54528934675864 205.5394893467585 210.71438934675848 257.26258934675843 269.5317893467586 426.73638934675864 574.5185893467585 811.7277893467585 1158.4219893467584

Equation: (sin(cos(x4)) * 0.00026285930944666057) - (x3 - (x3 - -900.708943221304))
Residuals:
418.9307229789106 396.48222211733855 311.49812333820705 305.55572548482905 148.8484278560137 79.31293332928499 16.131038619944547 68.42665354109874 74.42723729313832 80.24883083956217 96.40720986893655 192.54529531406467 205.5394716462322 210.71434781752714 257.26251911803934 269.53170543972806 426.73627148055687 574.5184533851028 811.7276268094587 1158.4217899910084

Equation: x4
Residuals:
478.7516 501.1194 585.9338 591.7925 748.4357 817.8639000000001 880.9672 965.4312 971.2823 977.0544 993.0745 1089.1302 1102.0052 1107.0723 1153.5007999999998 1165.7155 1322.7888 1470.5021 1707.6097 2054.1585999999998

Equation: x1 ^ x3
Residuals:
448.7885004325838 467.4788124321034 546.0230413067059 541.5368293630521 675.8195436613589 727.5829198746957 766.9678854987333 820.6918836501047 783.2022207589753 759.4709106926191 712.2272761841219 761.0975958898259 616.1351244356038 509.8208203357972 436.2604961135404 157.23252628401167 83.4052105501728 296.0221501951314 508.19082349457494 782.6677099494436

Equation: (x0 ^ x3) - x1
Residuals:
454.75922939977596 470.7450421743689 549.3483965398138 545.222777615282 680.5793664244626 739.1771623894831 770.3442758147783 827.5759963675224 791.1718316979733 763.494556456096 722.8410501928291 763.3605857491475 633.8617136921612 481.92372481359234 453.0141335154982 171.65146722323925 78.29486719509873 245.65794782069224 575.9561059808179 681.2518208385518

Equation: 111.42783359435747 * x2
Residuals:
145.33279924519707 157.36279680412463 222.6353130412828 224.47716876501045 371.32310549190987 421.5370191466483 474.0775610383871 549.531607033728 543.2974309050676 536.2602589082787 543.1590059365876 630.2045947152883 636.2456978990001 626.3444120136836 664.1120987264482 663.7008112634105 811.3003320075768 940.7303678145861 1167.298209706325 1502.9610541804836

Equation: (638.7137327465762 + x4) + sin(x4)
Residuals:
160.0770708139105 137.62881856100648 52.64513697862958 46.704069571405626 110.00121187455625 179.53063991806516 242.70537909335758 327.25086073084526 333.2219977070728 339.0307528706569 355.1440365652941 451.24824765602943 464.1833573272587 469.2939385104014 515.7579784288072 527.9842798794024 685.0735002798671 832.7882839073678 1069.8894180278544 1416.4113057974828

Equation: x1 - (x3 - (x3 - -900.7114146650036))
Residuals:
422.02441466500363 399.6798146650036 314.72271466500365 308.8946146650036 152.3003146650035 82.91211466500363 19.824514665003562 64.67188533499643 70.54278533499632 76.31128533499634 92.30548533499632 188.44258533499647 201.2630853349964 206.39808533499638 252.8340853349963 264.9953853349965 422.06818533499654 569.7235853349964 806.9004853349963 1153.4475853349963

Equation: cos(x3) - (x3 - (x3 - -900.7114146650036))
Residuals:
417.9343603213798 395.4856670056349 310.5037705775841 304.5717197005738 147.91402808530324 78.39706769874067 15.260583476123657 69.22619612984056 75.1667463655308 80.94245623222673 97.05337206637955 193.1055842518764 205.96967861135454 211.04007184977058 257.54372227807164 269.66267465234773 426.8193694905357 574.4554114196386 811.5423093086222 1158.1758483064755

Equation: sin(cos(x4)) - (x3 - (x3 - -900.7114146650036))
Residuals:
418.09554290065387 395.6437652076529 310.6643097779205 304.7300762072738 148.03179694417054 78.51711900036332 15.355346343780525 69.17253178427097 75.11131940090672 80.90836795495932 96.98698905847732 193.0697177193697 205.97387779474275 211.05812586012007 257.4971439260555 269.71430730040606 426.7897158662405 574.5030750327435 811.6111728719884 1158.1653038356485

Equation: -476.2483170785697 - (x3 - (x3 - -1376.9571277318112))
Residuals:
418.93081065324145 396.4823106532415 311.4982106532415 305.55581065324145 148.84851065324142 79.31301065324146 16.13111065324142 68.42658934675853 74.4271893467585 80.24878934675849 96.40718934675851 192.54528934675864 205.5394893467585 210.71438934675848 257.26258934675843 269.5317893467586 426.73638934675864 574.5185893467585 811.7277893467585 1158.4219893467584

Equation: (sin(cos(x4)) * 0.00026285930944666057) - (x3 - (x3 - -900.708943221304))
Residuals:
418.9307229789106 396.48222211733855 311.49812333820705 305.55572548482905 148.8484278560137 79.31293332928499 16.131038619944547 68.42665354109874 74.42723729313832 80.24883083956217 96.40720986893655 192.54529531406467 205.5394716462322 210.71434781752714 257.26251911803934 269.53170543972806 426.73627148055687 574.5184533851028 811.7276268094587 1158.4217899910084

Equation: x4
Residuals:
478.7516 501.1194 585.9338 591.7925 748.4357 817.8639000000001 880.9672 965.4312 971.2823 977.0544 993.0745 1089.1302 1102.0052 1107.0723 1153.5007999999998 1165.7155 1322.7888 1470.5021 1707.6097 2054.1585999999998

Equation: x1 ^ x3
Residuals:
448.7885004325838 467.4788124321034 546.0230413067059 541.5368293630521 675.8195436613589 727.5829198746957 766.9678854987333 820.6918836501047 783.2022207589753 759.4709106926191 712.2272761841219 761.0975958898259 616.1351244356038 509.8208203357972 436.2604961135404 157.23252628401167 83.4052105501728 296.0221501951314 508.19082349457494 782.6677099494436

Equation: (x0 ^ x3) - x1
Residuals:
454.75922939977596 470.7450421743689 549.3483965398138 545.222777615282 680.5793664244626 739.1771623894831 770.3442758147783 827.5759963675224 791.1718316979733 763.494556456096 722.8410501928291 763.3605857491475 633.8617136921612 481.92372481359234 453.0141335154982 171.65146722323925 78.29486719509873 245.65794782069224 575.9561059808179 681.2518208385518

Equation: 111.42783359435747 * x2
Residuals:
145.33279924519707 157.36279680412463 222.6353130412828 224.47716876501045 371.32310549190987 421.5370191466483 474.0775610383871 549.531607033728 543.2974309050676 536.2602589082787 543.1590059365876 630.2045947152883 636.2456978990001 626.3444120136836 664.1120987264482 663.7008112634105 811.3003320075768 940.7303678145861 1167.298209706325 1502.9610541804836

Equation: (638.7137327465762 + x4) + sin(x4)
Residuals:
160.0770708139105 137.62881856100648 52.64513697862958 46.704069571405626 110.00121187455625 179.53063991806516 242.70537909335758 327.25086073084526 333.2219977070728 339.0307528706569 355.1440365652941 451.24824765602943 464.1833573272587 469.2939385104014 515.7579784288072 527.9842798794024 685.0735002798671 832.7882839073678 1069.8894180278544 1416.4113057974828

Equation: x1 - (x3 - (x3 - -900.7114146650036))
Residuals:
422.02441466500363 399.6798146650036 314.72271466500365 308.8946146650036 152.3003146650035 82.91211466500363 19.824514665003562 64.67188533499643 70.54278533499632 76.31128533499634 92.30548533499632 188.44258533499647 201.2630853349964 206.39808533499638 252.8340853349963 264.9953853349965 422.06818533499654 569.7235853349964 806.9004853349963 1153.4475853349963

Equation: cos(x3) - (x3 - (x3 - -900.7114146650036))
Residuals:
417.9343603213798 395.4856670056349 310.5037705775841 304.5717197005738 147.91402808530324 78.39706769874067 15.260583476123657 69.22619612984056 75.1667463655308 80.94245623222673 97.05337206637955 193.1055842518764 205.96967861135454 211.04007184977058 257.54372227807164 269.66267465234773 426.8193694905357 574.4554114196386 811.5423093086222 1158.1758483064755

Equation: sin(cos(x4)) - (x3 - (x3 - -900.7114146650036))
Residuals:
418.09554290065387 395.6437652076529 310.6643097779205 304.7300762072738 148.03179694417054 78.51711900036332 15.355346343780525 69.17253178427097 75.11131940090672 80.90836795495932 96.98698905847732 193.0697177193697 205.97387779474275 211.05812586012007 257.4971439260555 269.71430730040606 426.7897158662405 574.5030750327435 811.6111728719884 1158.1653038356485

Equation: -476.2483170785697 - (x3 - (x3 - -1376.9571277318112))
Residuals:
418.93081065324145 396.4823106532415 311.4982106532415 305.55581065324145 148.84851065324142 79.31301065324146 16.13111065324142 68.42658934675853 74.4271893467585 80.24878934675849 96.40718934675851 192.54528934675864 205.5394893467585 210.71438934675848 257.26258934675843 269.5317893467586 426.73638934675864 574.5185893467585 811.7277893467585 1158.4219893467584

Equation: (sin(cos(x4)) * 0.00026285930944666057) - (x3 - (x3 - -900.708943221304))
Residuals:
418.9307229789106 396.48222211733855 311.49812333820705 305.55572548482905 148.8484278560137 79.31293332928499 16.131038619944547 68.42665354109874 74.42723729313832 80.24883083956217 96.40720986893655 192.54529531406467 205.5394716462322 210.71434781752714 257.26251911803934 269.53170543972806 426.73627148055687 574.5184533851028 811.7276268094587 1158.4217899910084

Equation: cos(x0)
Residuals:
422.7881879556748 661.6449861080657 692.3024270602796 704.2755101754501 776.0019726336353 793.2436629217863 841.2921113487721 843.6946141311646 981.978926027176 1006.5260751103931 1023.3016128661421 1038.4936788143627 1097.3937505988079 1106.441207507127 1130.0404331031175 1292.6828173716065 1332.1892883118385 1552.9657889859027 1577.326517464454 1657.2259938354855

Equation: x1 ^ x3
Residuals:
392.65905999610897 625.1610681704943 645.7988203073417 646.6485915040414 698.7043697459601 697.714177307339 732.2697876658156 699.8237744462225 792.6248526608596 761.0188668406836 717.2738301581269 648.4339129029868 631.4740117231389 465.3364236217167 280.0441938074249 354.05147556502516 141.18361810332522 59.60908926691627 460.47945192909606 1247.9903088957965

Equation: (x3 ^ x2) - cos(x2)
Residuals:
391.861541901436 622.3435622887305 645.8591439338204 645.878258857826 701.9634091137442 702.0779515218395 734.2925149928298 692.082324788812 802.6079607011395 782.3652909157239 721.6845378347116 678.5556313200034 654.3951080419888 491.18898218599224 351.33679844288054 311.9653408526026 3.4580066746152625 34.01792630218597 591.4658936882163 1248.818442703078

Equation: (x1 ^ x4) + (x3 ^ x1)
Residuals:
363.0911034834785 588.165026444042 597.7419209389943 588.5382597356374 625.7557688317008 601.6616403092822 618.7789660642911 562.3473837214935 608.2752934376608 531.1485310771621 439.6715766781937 272.0774689710603 91.54903000937054 80.61780717834927 534.1143610440663 639.6497742049605 1134.3754544120172 1919.2184570925924 2851.9432886566974 3977.5659247798567

Equation: (x4 * x3) * (x2 * (x0 + x1))
Residuals:
251.29383212835097 463.0139424621102 467.1873451754616 452.9453507173188 493.5461983151772 470.9080113481215 491.57405054484576 440.647512895586 536.6804182724786 519.013720757703 478.8922026465427 441.5245683300933 442.7159006881732 396.29171317058604 335.3738783022228 439.1322363027368 382.9912579950302 542.0515183204274 461.85932735973324 433.27327005118696

Equation: ((x3 + x3) * x4) * (x2 * (x0 + x1))
Residuals:
80.79246425670192 265.38278492422046 243.06489035092312 202.6024014346375 212.05719663035438 149.49122269624297 142.74080108969156 38.399025791171994 92.13073654495724 32.175941515406066 64.94009470691458 154.9412633398133 211.51469862365366 313.4592736588279 459.0236433955545 414.2773273945263 566.1908840099395 468.8659633591453 653.7329452805336 790.9497598976261

Equation: x4 + (cos(cos(x3)) / (0.2500909918501632 * 0.004296393257002176))
Residuals:
87.51538822379166 154.58037171054673 180.84779609434912 180.06472737469528 228.8612778474063 217.36574874742678 246.44717274604682 193.5604989801152 285.2992453119617 273.24797495101507 243.32816858163847 222.22413791401118 267.1664544115358 215.93994830532495 216.071594974272 376.0197598678484 399.3530489834386 617.5239021255022 645.8481052365336 758.3345571292525

Equation: (2.551611501820042 / sin(cos(935.8238714195134))) * 294.32436319161224
Residuals:
513.6246034906585 274.77470349065857 244.11000349065853 232.13150349065847 160.3846034906585 143.09500349065854 95.01250349065856 92.52380349065857 45.81029650934147 70.43169650934146 87.30469650934151 102.57059650934139 161.5266965093415 170.62289650934144 194.35159650934156 357.12199650934144 396.7535965093414 617.5491965093415 642.0317965093416 722.0764965093415

Equation: x0
Residuals:
513.8707999999999 572.7198 739.9375 785.6181 818.9615 824.8664 825.1206 891.985 903.3154000000001 951.0847 1004.0117 1073.5651 1143.7676999999999 1154.8935999999999 1169.3369 1256.4405 1257.8931 1264.927 1471.7007 1566.0729999999999

Equation: x3 ^ x0
Residuals:
486.1281911789027 538.0657727436201 699.2272818400736 726.0685753094112 751.4133250244759 737.2515393665144 711.8857549618219 743.5472965449885 735.4446199096691 726.845616396821 717.0080921608234 719.8737724182961 638.2889475365441 608.0625924634805 402.79240527475577 284.8002416402361 21.301218861528696 467.82430798907126 462.3458113036518 1342.2292314949839

Equation: (x3 - cos(x0)) ^ x0
Residuals:
444.15576306583756 487.4376509201245 637.3210520171772 641.1409507194801 658.9798732266844 622.1683082356543 574.3931053984165 580.3729037680545 559.4163076611262 527.5580241877174 495.5241918281042 474.8609865099354 386.3538689091863 364.63529321942246 210.4343366531407 115.22204997527729 107.65911211287448 345.5989203504746 278.08883420538905 595.4618958729341

Equation: x3 / cos(1.5625249310732279)
Residuals:
145.98284611779752 189.29096142442933 356.0545416217325 379.78102913569296 401.5136530899763 400.30446556037566 386.3208304354069 438.5190554584155 439.5876689564354 482.019930830815 519.9190359689171 572.423681781138 628.4270666643902 638.4149470672174 641.8031308817444 711.9222366775234 698.3478518197361 694.7837354698437 893.496428219756 974.9756526672969

Equation: (x0 / x2) / 0.001034759170801291
Residuals:
458.5095148373874 382.31515056724334 234.9854301817976 184.44220026762628 129.54356762483883 147.1300747712545 133.34458437873957 78.25180783910218 52.077857579335614 20.33639508409135 32.74301191160703 114.40761935038722 179.36881062627538 197.98913049953683 209.32825312228204 299.5057881349211 306.80640693683165 297.47081318983635 518.6441635563997 596.4383762611816

Equation: (x4 + x3) / cos(1.5625249310732279)
Residuals:
219.63071957712725 196.68215734844443 33.678565872781405 30.009381539532 12.254366232900225 31.368837674877454 51.92943056374429 18.047549313356058 20.847734499981925 4.706893112630041 30.648992315998385 70.03599258809197 109.99595292595313 107.80920746803554 103.78622380228762 159.77212440321978 135.61899314210405 115.64875237013507 311.65328604079536 380.80071468102733

Equation: ((x0 / x0) / 0.001034759170801291) + x0
Residuals:
452.5376438368646 393.6886438368647 226.47094383686454 180.7903438368645 147.44694383686453 141.54204383686465 141.28784383686468 74.42344383686464 63.09304383686458 15.323743836864537 37.603256163135484 107.15665616313538 177.35925616313534 188.48515616313534 202.92845616313537 290.0320561631354 291.48465616313547 298.5185561631354 505.29225616313556 599.6645561631353

Equation: ((x0 / x0) / 0.001034759170801291) + (x3 + x0)
Residuals:
455.60584383686466 396.8859438368646 229.6730438368645 184.17524383686452 150.9280438368645 145.08324383686465 144.9476438368646 78.20544383686456 66.96014383686452 19.236443836864623 33.56555616313551 102.97755616313543 173.06135616313532 184.1774561631354 198.5279561631354 285.49055616313535 286.81805616313545 293.76315616313536 500.4699561631355 594.7340561631353

Equation: ((x0 / x0) / 0.0010252010692465383) + sin(0.397827987053105 * x3)
Residuals:
459.4296238344581 400.52969730062375 233.18635772424602 187.37808789394614 154.02268012797435 147.96991843399712 147.62132782600509 80.65352188926067 69.29798962832865 21.35311200088381 31.6590175175553 101.26249457283598 171.6342358869665 182.80748370048082 197.42111567115865 284.59869180939484 286.1617245500927 293.3440776007915 500.15371089824407 594.7298421992549

Equation: ((1.5774375952232946 / 45.75304187759015) / (64.28452896554639 + 63.72181294558856)) + 976.4106149439524
Residuals:
459.48278428387266 400.5664842838727 233.2225842838726 187.3955842838726 154.0323842838726 147.97548428387267 147.62038428387268 80.64818428387264 69.2909842838726 21.34568428387263 31.665915716127415 101.26581571612735 171.63211571612726 182.80481571612734 197.41251571612736 284.5785157161273 286.12871571612743 293.3005157161273 500.10141571612746 594.6620157161273

Equation: x4
Residuals:
523.0492 595.2905999999999 685.0671 687.9184 753.8698 801.7498999999999 841.8114999999999 889.5422 893.2208 896.8978 935.9581 971.39 1000.2073 1007.5629 1145.4316000000001 1218.9860999999999 1332.4699 1512.749 1874.731 1964.8944

Equation: x3 ^ x4
Residuals:
494.2870944651512 559.6061970031499 643.0842838813102 637.6271223565212 690.2664567812625 721.7344187714244 728.8508341068516 751.0083992219875 718.2030551662815 672.1643498924977 643.0417809436134 608.7406693582184 551.1707323862729 439.4817852769156 374.49344643140637 309.5661354906583 37.04699166972523 194.25867156985237 265.54627146477924 551.0221617606271

Equation: x4 + (x3 ^ x4)
Residuals:
491.2112944651512 556.4346970031498 639.8110838813102 634.2939223565212 686.8315567812625 718.2314187714245 725.1997341068517 747.2607992219876 714.3795551662815 668.1849498924977 638.9521809436134 604.5623693582185 546.9089323862729 435.17278527691565 370.0475464314063 305.04733549065827 41.724591669725214 199.03227156985236 270.4170714647794 555.9458617606269

Equation: 1011.385564680283 + x2
Residuals:
488.34356468028295 416.10946468028305 326.254964680283 323.501064680283 257.572164680283 209.71726468028305 169.5848646802831 121.89086468028302 118.17956468028297 114.48296468028298 75.35936468028308 39.94646468028293 11.148464680282927 3.825064680283049 134.01453531971708 207.57763531971693 321.15503531971706 501.40183531971707 863.3717353197169 953.508035319717

Equation: 1014.7518158324722 - sin(x2)
Residuals:
488.5682566988586 416.3341085850151 326.4795705371829 323.72381672415975 257.789738714451 209.92757426897833 169.7863626679533 122.06999065179662 118.34921167172513 114.6145734487452 75.47479567372227 40.018226594524776 11.16953106511096 3.8005912489992397 134.15316726041408 207.7676161978544 321.40124297231955 501.7710443275545 863.8586981432269 954.0886954946639

Equation: 1015.3963271803163 + (x2 - x2)
Residuals:
489.27132718031635 416.9342271803164 327.0560271803164 324.1447271803163 258.0916271803163 210.1434271803164 169.9337271803164 122.10652718031633 118.35202718031633 114.51912718031633 75.34862718031638 39.828027180316326 10.927227180316322 3.5244271803163656 134.4811728196837 208.10857281968356 321.7511728196837 502.12627281968366 864.2054728196836 954.4217728196836

Equation: (-0.18220920639509686 / x2) + 1015.4427086906264
Residuals:
489.2586074235504 416.923418104815 327.0456403925316 324.13699410941547 258.0858191891813 210.1389775779793 169.9303505851634 122.10489698964489 118.3509373605076 114.51966528339165 75.34969992365018 39.83028169111196 10.930553585145503 3.528546500526886 134.47548662504687 208.10231047320974 321.744342679361 502.1183710370293 864.196702870194 954.4123918589512

Equation: 1015.3836131600473 + (-0.019726604214938423 * sin(x2))
Residuals:
489.2574579871954 416.9223888783067 327.04465564827217 324.1364240463397 258.08567194603506 210.13916913536775 169.93082017890754 122.1058064386807 118.3519716398946 114.52101001107928 75.35111605625207 39.83177916888428 10.932007013153338 3.529874959599624 134.4747023838338 208.10184690334836 321.74426989207984 502.11926536781164 864.1986321328874 954.415202335118

Equation: (cos(cos(x2)) * 0.040398178326124794) + 1015.3647394915076
Residuals:
489.2616250237545 416.92450022248147 327.046345473428 324.1358203311022 258.08388304204414 210.1368415498638 169.92826129333298 122.1032598037641 118.34952715508587 114.5191377800694 75.34950958149352 39.83086538061946 10.9318002022178 3.5301990765685787 134.47345240241293 208.10034373213125 321.74258606477406 502.1174728383347 864.1970123186022 954.4138542600725

Equation: ((sin(x2) * x3) * -0.0053784376862041515) + 1015.3829721813094
Residuals:
489.25700192585 416.9216292531012 327.04384530101277 324.13534372503193 258.0845407518183 210.13822631858932 169.9302168479353 122.10544889916196 118.35207193542158 114.52135833443435 75.35195146209685 39.83312018741651 10.933907224114932 3.5326867680428222 134.4711673396357 208.09796473152346 321.73946081626787 502.11404763375947 864.1930752687408 954.4093252014096

Equation: (sin(-0.005599590726110805) * (sin(x2) * x4)) + 1015.3819499112145
Residuals:
489.25594133957634 416.92063828251446 327.0428972508205 324.1345233007263 258.0838398970003 210.13745815952916 169.92951385895378 122.10490821205622 118.35138856988578 114.52123830899859 75.35189845380773 39.83317934481374 10.934013057083234 3.532264437526692 134.47133919255555 208.0980144987442 321.73950317912795 502.11392697627946 864.1928134127809 954.4091974208658

Equation: x4
Residuals:
572.8388 590.8112 626.4815 687.1959999999999 727.466 767.5047 788.1129 832.0303 918.4293 971.4645999999999 1022.7904000000001 1034.837 1078.4223 1119.1831 1265.1787 1338.3521 1413.4931 1420.7423000000001 1455.372 1674.0851

Equation: x0 ^ x4
Residuals:
544.3141271460355 555.9487842760217 579.3966923352078 635.2085893543996 655.598323323125 679.0099902487368 681.7779992556577 705.6372848209171 752.8428574331011 747.2734842363107 748.7621748294902 683.6449928027195 633.5458863200445 520.3632572187372 442.83238327299455 324.03493998442946 181.60421406287333 256.6798966343688 696.2263530834473 1204.642695230089

Equation: (x0 ^ x4) + x1
Residuals:
541.2724271460355 552.8220842760217 576.1383923352079 631.8880893543995 652.137923323125 675.4720902487368 678.1721992556577 701.9129848209171 749.0340574331011 743.3410842363107 744.7266748294901 679.5007928027194 629.2532863200445 516.0075572187372 438.34828327299454 319.47923998442946 176.9617140628734 261.3918966343688 701.0414530834471 1209.6148952300891

Equation: (x0 ^ x4) + (x2 ^ x3)
Residuals:
514.5115739286625 518.7884547798025 528.3769509516509 576.928743215192 581.5134712566418 581.6897281130921 563.766349667229 575.3018730511842 560.4833391543445 500.9767639871689 467.5470709631279 341.4884761461583 197.96701095580318 57.75442368362201 271.03698675258283 696.5814737671144 964.2354856051629 1875.8396010358042 2604.8451833306963 4162.270011337361

Equation: ((x0 + x0) * (x2 * x4)) * x0
Residuals:
397.48868769467674 391.30570201343676 394.80894389186307 445.75515148586595 443.117071474684 442.8276342457122 440.7624101044726 456.1978859436823 493.44772234090175 482.7050572132255 497.2575510336309 456.908259676866 442.18661141113796 416.1959188283438 478.077949866117 480.98905652997973 493.70901492428675 395.8942480617545 359.7957720689126 457.53091194202284

Equation: (2.914048752221087 ^ x2) * (x4 + x4)
Residuals:
412.74247771929487 403.1580668051814 405.905711019284 454.14688582355194 461.57782163890556 439.3729998602927 421.43883424481027 442.63301383508025 445.5638489745195 405.47091537373774 441.39144383688256 366.9260582586892 322.6179863970856 204.58236822392712 239.1872827185348 122.67783559265877 143.0794596373812 62.752151500703576 216.43995051769502 336.07617016467134

Equation: (0.9039958511124823 / 0.004731836985588877) * x2
Residuals:
9.873110108841729 15.43852576648078 0.18071447814713792 54.1762589353101 76.97937899596718 83.75585074145249 90.708874941163 126.73478488163414 184.9894606313868 211.39109985412563 260.96826822995445 253.48979760207965 278.95666773013 292.6157842807361 422.71227690120406 469.1681024937061 538.3382713188222 522.3145101821312 540.3704392397555 730.0315059925408

Equation: ((x3 + x3) + x3) - (-886.0367656240246 - x0)
Residuals:
322.2931656240246 304.60576562402457 269.4416656240246 208.93426562402465 169.0897656240246 129.31386562402463 108.89306562402464 65.14696562402457 20.749334375975423 73.51873437597533 124.53853437597547 136.41723437597534 179.6760343759754 220.24613437597543 365.94353437597533 438.6902343759755 513.5909343759754 520.3804343759755 554.9319343759755 773.0784343759755

Equation: (x3 + (x4 * (x0 * x2))) - (-886.0367656240246 - x0)
Residuals:
345.2199748558087 330.26505046028456 298.55575693304456 239.14842621638456 203.38753730178462 167.85907021222465 150.07970269864063 108.8516491364885 27.850298810840513 19.03825980842339 67.3261731256215 74.32167053794035 112.69825103217545 146.7682188953354 285.95468575779034 352.7761618113675 423.5595459726303 422.49602048385043 451.03867280495047 660.3217306627255

Equation: (x1 + x1) * (-30.63680942222831 / (x1 / -15.643003257074461))
Residuals:
382.593019156574 364.5452191565739 328.7309191565739 267.954819156574 227.57551915657393 187.461619156574 166.734219156574 122.76081915657392 36.23141915657391 16.916580843426004 68.30868084342615 80.46968084342598 124.14318084342608 165.06448084342605 311.170580843426 384.43008084342614 459.618180843426 466.97838084342607 501.73168084342615 720.5462808434261

Equation: sin(x2) + ((x2 + x3) - ((-958.6701664655285 - x4) - sin(x3)))
Residuals:
392.1142470344546 374.14216787174985 338.47309066321327 277.7606921094326 237.49859301524077 197.47780714527812 176.88884033936063 132.9840759341506 46.65321934073279 6.317491112537596 57.60807890837839 69.58648503809957 113.07632648570655 153.69845998585924 299.5794800849335 372.5295846706823 447.59468885593276 454.5864199940511 489.07097747955277 707.3918702624973

Equation: (cos(1663.4733090438108) + x2) * ((344.6296795507587 - -624.7625745289657) / x2)
Residuals:
393.4815278133383 375.43374045567487 339.619450689783 278.84335375009573 238.46406182205772 198.3501759982811 177.62278146200242 133.6493845178594 47.11999485553474 6.0279960698037485 57.42009547698808 69.5810892373114 113.25458372525634 154.17587592326277 300.2819715756549 373.5414646534384 448.7295631572505 456.08975753275433 490.84305369156743 709.6576473089002

Equation: x1
Residuals:
447.7037 559.745 599.6573 705.3879000000001 739.4574 740.4456 742.3163 760.9191000000001 830.0752 886.3304999999999 945.6805 1112.6924000000001 1255.1405 1303.2921 1332.9826 1362.3488 1390.9228 1495.5964000000001 1637.2775000000001 1796.7595000000001

Equation: x1 ^ x4
Residuals:
422.17045802245025 526.0420223907705 558.924285074105 647.0715359629686 671.0571468420818 654.9453344655872 631.7816078181964 630.7558543782263 659.8699210279965 669.2699211729075 671.5905831654577 751.4746048348793 791.0874737131835 674.3906704126683 632.8635736692707 321.1183659263945 86.57296292287037 80.1065236035763 382.76124025008744 832.3731831099597

Equation: (x1 ^ x4) + x2
Residuals:
419.15385802245027 522.9257223907705 555.691385074105 643.6795359629685 667.5722468420818 651.3751344655872 628.1792078181963 627.0090543782263 656.0360210279965 665.2926211729075 667.5059831654577 747.2967048348793 786.8119737131835 670.0778704126683 628.3982736692708 316.5690659263946 81.92456292287034 84.89852360357622 387.6152402500875 837.3234831099596

Equation: x3 - -950.6193474366139
Residuals:
502.97064743661383 390.8629474366139 350.9255474366139 245.2362474366139 211.08574743661393 210.2248474366139 208.3227474366139 189.67104743661378 120.59234743661398 64.33754743661393 4.995547436613833 162.0490525633861 304.56145256338596 352.69065256338604 382.3321525633862 411.7596525633861 440.29165256338604 545.0076525633862 686.6748525633861 846.1610525633862

Equation: cos(x3) - -955.1331653160811
Residuals:
503.4131759261836 391.25363262200335 351.2193096712616 245.405650401892 211.22317075755495 210.25346669985254 208.32005259663435 189.6352650993964 120.49164450831711 64.20338633517349 4.8392858335067785 162.22208712279848 304.7404738262203 352.8800734028953 382.52710693341703 411.95699985900023 440.4901331746936 545.2062236481974 686.873805016828 846.3607958377041

Equation: 953.4791911866215 + (x4 / x4)
Residuals:
503.7568911866215 391.59949118662155 351.5619911866215 245.7255911866215 211.53259118662152 210.50509118662148 208.54609118662154 189.82769118662145 120.58729118662154 64.21999118662154 4.780491186621475 162.36390881337854 304.9225088133784 353.16220881337847 382.9054088133786 412.41770881337845 441.06260881337846 545.8556088133786 687.6592088133785 847.2053088133786

Equation: (cos(x3) / (x3 ^ x3)) - -954.4883315697028
Residuals:
503.73439696104276 391.58011479786 351.54822051229746 245.7185161844136 211.5271363701553 210.5048033482209 208.54718588392348 189.83019382112752 120.59239872994306 64.22636715112844 4.787688526889951 162.3560820659368 304.91445014757835 353.1537183546724 382.89664294934255 412.4087808601148 441.0535358256029 545.8464715507821 687.6500054302785 847.1960901934065

Equation: (cos(-1.911896094724681) / x3) - -954.5675224651039
Residuals:
503.736384717315 391.5807166150082 351.54654269790035 245.71467199733831 211.522907902665 210.49996964869865 208.54243189680915 189.82568878028962 120.58906816832939 64.22421634009663 4.786728744618927 162.35570873033635 304.91343165169667 353.15110976964786 382.8925379805446 412.4034216043983 441.04651639245935 545.8383348656248 687.6399340770711 847.185190601841

Equation: (sin(cos(x3)) / (2.7379187553447992 ^ x3)) - -954.495625903146
Residuals:
503.73531244737717 391.57971854337495 351.54575796761014 245.71427813298988 211.52263237114437 210.500142794643 208.54274564392847 189.82615508383628 120.58983307295057 64.22511226010386 4.787673543213941 162.3547879276789 304.9125505119198 353.1504049050426 382.89210557411707 412.40330282712944 441.0469415671598 545.839214130455 687.6417775683863 847.1875182883808

Equation: (cos(x3 / 0.36481695513850176) / ((x3 * x2) * x3)) - -954.4869688317054
Residuals:
503.7457014961002 391.5858940710948 351.5450170357507 245.70786486881047 211.51579401079528 210.49262821855632 208.53589935089178 189.8209153800526 120.58824495974511 64.22629098122411 4.7908233562022815 162.35018590433833 304.9075989329449 353.1449274454775 382.887202006866 412.3993405529902 441.04488018338145 545.8389488938897 687.6447851957331 847.1921552946794

Equation: (cos(x3 / 0.3554173094611882) / (x3 / 0.06432357292446114)) - -954.4819732523702
Residuals:
503.7447500955234 391.5857184492129 351.5460653824381 245.70932155019318 211.5168244570359 210.49353290879571 208.53663697189597 189.82100844102683 120.58805915535845 64.22591029769592 4.790415726714741 162.35062029828123 304.90797807418085 353.14563321922844 382.8881801868638 412.40083900436343 441.0473976792272 545.8421980458179 687.6499728534247 847.1981647470408

Equation: (cos(x3 / 0.3551978202842328) / (x4 + (x3 / 0.06930980651914985))) - -954.4818204593608
Residuals:
503.7443912601892 391.5853833566647 351.5457220077517 245.7090389790876 211.5165524015531 210.4933331719069 208.53648247565047 189.82088016296223 120.58800239299751 64.22589378375153 4.790421373665254 162.35060553543804 304.9079731042633 353.1456506308996 382.888210194566 412.40091504908423 441.04751616433464 545.8423443325536 687.650172300458 847.1983925388797

Equation: x0
Residuals:
660.0606 695.3129 701.4368 710.9418 743.4899 772.559 772.7102 897.9753000000001 919.4444 930.1468 970.1039000000001 1026.3552 1045.3837 1074.2844 1111.2122000000002 1283.0156 1308.4178000000002 1379.2941 1452.3745999999999 1519.9563

Equation: x3 ^ x4
Residuals:
634.4483758636802 662.8193844006844 656.1040225874292 656.3440041059249 670.698315904538 687.7578815645826 664.5918310062895 764.1505158249395 744.1891499074038 703.076771094952 685.1612098481543 677.8066449125556 622.055914912387 429.3301961284059 317.4113164732978 338.35406213628426 32.59049182277113 341.1247315940627 608.5644282405381 1509.261077923199

Equation: x0 + (x3 ^ x4)
Residuals:
631.4076758636803 659.6577844006844 652.8501225874292 652.9767041059249 667.2648159045381 684.2562815645825 660.9001310062895 760.3636158249394 740.3740499074038 699.106771094952 681.1538098481542 673.6274449125557 617.781414912387 424.97019612840586 312.9580164732978 333.7744621362842 37.267491822771035 345.82613159406264 613.4455282405381 1514.1642779231993

Equation: x1 + 926.0394961866476
Residuals:
265.97509618664753 230.69209618664752 224.5830961866476 215.03299618664767 182.58649618664754 153.52569618664756 153.31289618664766 28.027996186647556 6.614396186647582 4.077803813352375 44.05810381335243 100.38180381335246 119.3703038133525 148.20870381335226 185.17230381335253 357.0338038133524 382.4053038133525 453.17760381335233 526.3211038133524 593.8925038133524

Equation: 930.683052390201 + sin(x0)
Residuals:
267.6824739609947 232.18854637856725 225.88028098258565 216.15015656682897 183.47187298333108 154.2701712814535 153.75837364883512 28.31940837964123 6.799821094213939 4.170603202163306 44.18986630259826 100.71253815994135 119.88079642294815 148.8998984666839 185.94907139229565 357.9033441005157 383.4111214851823 454.3123872315616 527.5584496306176 595.1582983537066

Equation: 930.0531342273538 - (x0 - x0)
Residuals:
266.95183422735374 231.57863422735375 225.3624342273538 215.74403422735384 183.12973422735377 153.99253422735376 153.65123422735383 28.290934227353773 6.7936342273537775 4.063665772646232 44.05816577264625 100.48126577264622 119.6050657726463 148.59126577264612 185.61236577264629 357.5420657726462 383.0416657726463 453.9423657726462 527.2025657726462 594.8063657726462

Equation: 930.0528482690924 - (sin(930.0528482690924) ^ x2)
Residuals:
266.9490340025518 231.57611899092126 225.36045479367135 215.74224997929173 183.12826135211446 153.99138280200623 153.650143954766 28.28997898786122 6.7928097010263855 4.064394383066315 44.05883636782323 100.48184610469025 119.60561019334182 148.5917681962327 185.61282517050097 357.54247733396426 383.04206283550786 453.9427423532753 527.2029318298654 594.8067077824498

Equation: (x4 - x4) + (930.0296838574359 + (0.006035315666368473 * x2))
Residuals:
266.94682174679656 231.57399231517854 225.35863906996656 215.74061627719573 183.12703387622844 153.99080676911387 153.64973248991987 28.289998602529295 6.793367919036655 4.063327945865126 44.057395213731866 100.47967139314335 119.60307064818323 148.58872445211523 185.60914185791353 357.5378478414232 383.03707003066256 453.9371423578332 527.1969621329462 594.7996624984319

Equation: 930.0910353585584 - (sin(-66.4398535753118) / (x1 + (x2 + x2)))
Residuals:
266.94057326831376 231.568492032961 225.3542033763207 215.73670039997694 183.12417366841294 153.9885866862652 153.64806374975933 28.288727192690658 6.79249108362535 4.063608590379886 44.057613228517994 100.47959269568196 119.60262674286105 148.58793047255278 185.60829277207029 357.53701034861933 383.03601368929446 453.93595400611343 527.1956277776355 594.7986043021135

Equation: x4
Residuals:
478.7516 501.1194 585.9338 591.7925 748.4357 817.8639000000001 880.9672 965.4312 971.2823 977.0544 993.0745 1089.1302 1102.0052 1107.0723 1153.5007999999998 1165.7155 1322.7888 1470.5021 1707.6097 2054.1585999999998

Equation: x1 ^ x3
Residuals:
448.7885004325838 467.4788124321034 546.0230413067059 541.5368293630521 675.8195436613589 727.5829198746957 766.9678854987333 820.6918836501047 783.2022207589753 759.4709106926191 712.2272761841219 761.0975958898259 616.1351244356038 509.8208203357972 436.2604961135404 157.23252628401167 83.4052105501728 296.0221501951314 508.19082349457494 782.6677099494436

Equation: (x0 ^ x3) - x1
Residuals:
454.75922939977596 470.7450421743689 549.3483965398138 545.222777615282 680.5793664244626 739.1771623894831 770.3442758147783 827.5759963675224 791.1718316979733 763.494556456096 722.8410501928291 763.3605857491475 633.8617136921612 481.92372481359234 453.0141335154982 171.65146722323925 78.29486719509873 245.65794782069224 575.9561059808179 681.2518208385518

Equation: 111.42783359435747 * x2
Residuals:
145.33279924519707 157.36279680412463 222.6353130412828 224.47716876501045 371.32310549190987 421.5370191466483 474.0775610383871 549.531607033728 543.2974309050676 536.2602589082787 543.1590059365876 630.2045947152883 636.2456978990001 626.3444120136836 664.1120987264482 663.7008112634105 811.3003320075768 940.7303678145861 1167.298209706325 1502.9610541804836

Equation: (638.7137327465762 + x4) + sin(x4)
Residuals:
160.0770708139105 137.62881856100648 52.64513697862958 46.704069571405626 110.00121187455625 179.53063991806516 242.70537909335758 327.25086073084526 333.2219977070728 339.0307528706569 355.1440365652941 451.24824765602943 464.1833573272587 469.2939385104014 515.7579784288072 527.9842798794024 685.0735002798671 832.7882839073678 1069.8894180278544 1416.4113057974828

Equation: x1 - (x3 - (x3 - -900.7114146650036))
Residuals:
422.02441466500363 399.6798146650036 314.72271466500365 308.8946146650036 152.3003146650035 82.91211466500363 19.824514665003562 64.67188533499643 70.54278533499632 76.31128533499634 92.30548533499632 188.44258533499647 201.2630853349964 206.39808533499638 252.8340853349963 264.9953853349965 422.06818533499654 569.7235853349964 806.9004853349963 1153.4475853349963

Equation: cos(x3) - (x3 - (x3 - -900.7114146650036))
Residuals:
417.9343603213798 395.4856670056349 310.5037705775841 304.5717197005738 147.91402808530324 78.39706769874067 15.260583476123657 69.22619612984056 75.1667463655308 80.94245623222673 97.05337206637955 193.1055842518764 205.96967861135454 211.04007184977058 257.54372227807164 269.66267465234773 426.8193694905357 574.4554114196386 811.5423093086222 1158.1758483064755

Equation: sin(cos(x4)) - (x3 - (x3 - -900.7114146650036))
Residuals:
418.09554290065387 395.6437652076529 310.6643097779205 304.7300762072738 148.03179694417054 78.51711900036332 15.355346343780525 69.17253178427097 75.11131940090672 80.90836795495932 96.98698905847732 193.0697177193697 205.97387779474275 211.05812586012007 257.4971439260555 269.71430730040606 426.7897158662405 574.5030750327435 811.6111728719884 1158.1653038356485

Equation: -476.2483170785697 - (x3 - (x3 - -1376.9571277318112))
Residuals:
418.93081065324145 396.4823106532415 311.4982106532415 305.55581065324145 148.84851065324142 79.31301065324146 16.13111065324142 68.42658934675853 74.4271893467585 80.24878934675849 96.40718934675851 192.54528934675864 205.5394893467585 210.71438934675848 257.26258934675843 269.5317893467586 426.73638934675864 574.5185893467585 811.7277893467585 1158.4219893467584

Equation: (sin(cos(x4)) * 0.00026285930944666057) - (x3 - (x3 - -900.708943221304))
Residuals:
418.9307229789106 396.48222211733855 311.49812333820705 305.55572548482905 148.8484278560137 79.31293332928499 16.131038619944547 68.42665354109874 74.42723729313832 80.24883083956217 96.40720986893655 192.54529531406467 205.5394716462322 210.71434781752714 257.26251911803934 269.53170543972806 426.73627148055687 574.5184533851028 811.7276268094587 1158.4217899910084

Equation: cos(x0)
Residuals:
422.7881879556748 661.6449861080657 692.3024270602796 704.2755101754501 776.0019726336353 793.2436629217863 841.2921113487721 843.6946141311646 981.978926027176 1006.5260751103931 1023.3016128661421 1038.4936788143627 1097.3937505988079 1106.441207507127 1130.0404331031175 1292.6828173716065 1332.1892883118385 1552.9657889859027 1577.326517464454 1657.2259938354855

Equation: x1 ^ x3
Residuals:
392.65905999610897 625.1610681704943 645.7988203073417 646.6485915040414 698.7043697459601 697.714177307339 732.2697876658156 699.8237744462225 792.6248526608596 761.0188668406836 717.2738301581269 648.4339129029868 631.4740117231389 465.3364236217167 280.0441938074249 354.05147556502516 141.18361810332522 59.60908926691627 460.47945192909606 1247.9903088957965

Equation: (x3 ^ x2) - cos(x2)
Residuals:
391.861541901436 622.3435622887305 645.8591439338204 645.878258857826 701.9634091137442 702.0779515218395 734.2925149928298 692.082324788812 802.6079607011395 782.3652909157239 721.6845378347116 678.5556313200034 654.3951080419888 491.18898218599224 351.33679844288054 311.9653408526026 3.4580066746152625 34.01792630218597 591.4658936882163 1248.818442703078

Equation: (x1 ^ x4) + (x3 ^ x1)
Residuals:
363.0911034834785 588.165026444042 597.7419209389943 588.5382597356374 625.7557688317008 601.6616403092822 618.7789660642911 562.3473837214935 608.2752934376608 531.1485310771621 439.6715766781937 272.0774689710603 91.54903000937054 80.61780717834927 534.1143610440663 639.6497742049605 1134.3754544120172 1919.2184570925924 2851.9432886566974 3977.5659247798567

Equation: (x4 * x3) * (x2 * (x0 + x1))
Residuals:
251.29383212835097 463.0139424621102 467.1873451754616 452.9453507173188 493.5461983151772 470.9080113481215 491.57405054484576 440.647512895586 536.6804182724786 519.013720757703 478.8922026465427 441.5245683300933 442.7159006881732 396.29171317058604 335.3738783022228 439.1322363027368 382.9912579950302 542.0515183204274 461.85932735973324 433.27327005118696

Equation: ((x3 + x3) * x4) * (x2 * (x0 + x1))
Residuals:
80.79246425670192 265.38278492422046 243.06489035092312 202.6024014346375 212.05719663035438 149.49122269624297 142.74080108969156 38.399025791171994 92.13073654495724 32.175941515406066 64.94009470691458 154.9412633398133 211.51469862365366 313.4592736588279 459.0236433955545 414.2773273945263 566.1908840099395 468.8659633591453 653.7329452805336 790.9497598976261

Equation: x4 + (cos(cos(x3)) / (0.2500909918501632 * 0.004296393257002176))
Residuals:
87.51538822379166 154.58037171054673 180.84779609434912 180.06472737469528 228.8612778474063 217.36574874742678 246.44717274604682 193.5604989801152 285.2992453119617 273.24797495101507 243.32816858163847 222.22413791401118 267.1664544115358 215.93994830532495 216.071594974272 376.0197598678484 399.3530489834386 617.5239021255022 645.8481052365336 758.3345571292525

Equation: (2.551611501820042 / sin(cos(935.8238714195134))) * 294.32436319161224
Residuals:
513.6246034906585 274.77470349065857 244.11000349065853 232.13150349065847 160.3846034906585 143.09500349065854 95.01250349065856 92.52380349065857 45.81029650934147 70.43169650934146 87.30469650934151 102.57059650934139 161.5266965093415 170.62289650934144 194.35159650934156 357.12199650934144 396.7535965093414 617.5491965093415 642.0317965093416 722.0764965093415

Equation: x0
Residuals:
513.8707999999999 572.7198 739.9375 785.6181 818.9615 824.8664 825.1206 891.985 903.3154000000001 951.0847 1004.0117 1073.5651 1143.7676999999999 1154.8935999999999 1169.3369 1256.4405 1257.8931 1264.927 1471.7007 1566.0729999999999

Equation: x3 ^ x0
Residuals:
486.1281911789027 538.0657727436201 699.2272818400736 726.0685753094112 751.4133250244759 737.2515393665144 711.8857549618219 743.5472965449885 735.4446199096691 726.845616396821 717.0080921608234 719.8737724182961 638.2889475365441 608.0625924634805 402.79240527475577 284.8002416402361 21.301218861528696 467.82430798907126 462.3458113036518 1342.2292314949839

Equation: (x3 - cos(x0)) ^ x0
Residuals:
444.15576306583756 487.4376509201245 637.3210520171772 641.1409507194801 658.9798732266844 622.1683082356543 574.3931053984165 580.3729037680545 559.4163076611262 527.5580241877174 495.5241918281042 474.8609865099354 386.3538689091863 364.63529321942246 210.4343366531407 115.22204997527729 107.65911211287448 345.5989203504746 278.08883420538905 595.4618958729341

Equation: x3 / cos(1.5625249310732279)
Residuals:
145.98284611779752 189.29096142442933 356.0545416217325 379.78102913569296 401.5136530899763 400.30446556037566 386.3208304354069 438.5190554584155 439.5876689564354 482.019930830815 519.9190359689171 572.423681781138 628.4270666643902 638.4149470672174 641.8031308817444 711.9222366775234 698.3478518197361 694.7837354698437 893.496428219756 974.9756526672969

Equation: (x0 / x2) / 0.001034759170801291
Residuals:
458.5095148373874 382.31515056724334 234.9854301817976 184.44220026762628 129.54356762483883 147.1300747712545 133.34458437873957 78.25180783910218 52.077857579335614 20.33639508409135 32.74301191160703 114.40761935038722 179.36881062627538 197.98913049953683 209.32825312228204 299.5057881349211 306.80640693683165 297.47081318983635 518.6441635563997 596.4383762611816

Equation: (x4 + x3) / cos(1.5625249310732279)
Residuals:
219.63071957712725 196.68215734844443 33.678565872781405 30.009381539532 12.254366232900225 31.368837674877454 51.92943056374429 18.047549313356058 20.847734499981925 4.706893112630041 30.648992315998385 70.03599258809197 109.99595292595313 107.80920746803554 103.78622380228762 159.77212440321978 135.61899314210405 115.64875237013507 311.65328604079536 380.80071468102733

Equation: ((x0 / x0) / 0.001034759170801291) + x0
Residuals:
452.5376438368646 393.6886438368647 226.47094383686454 180.7903438368645 147.44694383686453 141.54204383686465 141.28784383686468 74.42344383686464 63.09304383686458 15.323743836864537 37.603256163135484 107.15665616313538 177.35925616313534 188.48515616313534 202.92845616313537 290.0320561631354 291.48465616313547 298.5185561631354 505.29225616313556 599.6645561631353

Equation: ((x0 / x0) / 0.001034759170801291) + (x3 + x0)
Residuals:
455.60584383686466 396.8859438368646 229.6730438368645 184.17524383686452 150.9280438368645 145.08324383686465 144.9476438368646 78.20544383686456 66.96014383686452 19.236443836864623 33.56555616313551 102.97755616313543 173.06135616313532 184.1774561631354 198.5279561631354 285.49055616313535 286.81805616313545 293.76315616313536 500.4699561631355 594.7340561631353

Equation: ((x0 / x0) / 0.0010252010692465383) + sin(0.397827987053105 * x3)
Residuals:
459.4296238344581 400.52969730062375 233.18635772424602 187.37808789394614 154.02268012797435 147.96991843399712 147.62132782600509 80.65352188926067 69.29798962832865 21.35311200088381 31.6590175175553 101.26249457283598 171.6342358869665 182.80748370048082 197.42111567115865 284.59869180939484 286.1617245500927 293.3440776007915 500.15371089824407 594.7298421992549

Equation: ((1.5774375952232946 / 45.75304187759015) / (64.28452896554639 + 63.72181294558856)) + 976.4106149439524
Residuals:
459.48278428387266 400.5664842838727 233.2225842838726 187.3955842838726 154.0323842838726 147.97548428387267 147.62038428387268 80.64818428387264 69.2909842838726 21.34568428387263 31.665915716127415 101.26581571612735 171.63211571612726 182.80481571612734 197.41251571612736 284.5785157161273 286.12871571612743 293.3005157161273 500.10141571612746 594.6620157161273

Equation: x4
Residuals:
523.0492 595.2905999999999 685.0671 687.9184 753.8698 801.7498999999999 841.8114999999999 889.5422 893.2208 896.8978 935.9581 971.39 1000.2073 1007.5629 1145.4316000000001 1218.9860999999999 1332.4699 1512.749 1874.731 1964.8944

Equation: x3 ^ x4
Residuals:
494.2870944651512 559.6061970031499 643.0842838813102 637.6271223565212 690.2664567812625 721.7344187714244 728.8508341068516 751.0083992219875 718.2030551662815 672.1643498924977 643.0417809436134 608.7406693582184 551.1707323862729 439.4817852769156 374.49344643140637 309.5661354906583 37.04699166972523 194.25867156985237 265.54627146477924 551.0221617606271

Equation: x4 + (x3 ^ x4)
Residuals:
491.2112944651512 556.4346970031498 639.8110838813102 634.2939223565212 686.8315567812625 718.2314187714245 725.1997341068517 747.2607992219876 714.3795551662815 668.1849498924977 638.9521809436134 604.5623693582185 546.9089323862729 435.17278527691565 370.0475464314063 305.04733549065827 41.724591669725214 199.03227156985236 270.4170714647794 555.9458617606269

Equation: 1011.385564680283 + x2
Residuals:
488.34356468028295 416.10946468028305 326.254964680283 323.501064680283 257.572164680283 209.71726468028305 169.5848646802831 121.89086468028302 118.17956468028297 114.48296468028298 75.35936468028308 39.94646468028293 11.148464680282927 3.825064680283049 134.01453531971708 207.57763531971693 321.15503531971706 501.40183531971707 863.3717353197169 953.508035319717

Equation: 1014.7518158324722 - sin(x2)
Residuals:
488.5682566988586 416.3341085850151 326.4795705371829 323.72381672415975 257.789738714451 209.92757426897833 169.7863626679533 122.06999065179662 118.34921167172513 114.6145734487452 75.47479567372227 40.018226594524776 11.16953106511096 3.8005912489992397 134.15316726041408 207.7676161978544 321.40124297231955 501.7710443275545 863.8586981432269 954.0886954946639

Equation: 1015.3963271803163 + (x2 - x2)
Residuals:
489.27132718031635 416.9342271803164 327.0560271803164 324.1447271803163 258.0916271803163 210.1434271803164 169.9337271803164 122.10652718031633 118.35202718031633 114.51912718031633 75.34862718031638 39.828027180316326 10.927227180316322 3.5244271803163656 134.4811728196837 208.10857281968356 321.7511728196837 502.12627281968366 864.2054728196836 954.4217728196836

Equation: (-0.18220920639509686 / x2) + 1015.4427086906264
Residuals:
489.2586074235504 416.923418104815 327.0456403925316 324.13699410941547 258.0858191891813 210.1389775779793 169.9303505851634 122.10489698964489 118.3509373605076 114.51966528339165 75.34969992365018 39.83028169111196 10.930553585145503 3.528546500526886 134.47548662504687 208.10231047320974 321.744342679361 502.1183710370293 864.196702870194 954.4123918589512

Equation: 1015.3836131600473 + (-0.019726604214938423 * sin(x2))
Residuals:
489.2574579871954 416.9223888783067 327.04465564827217 324.1364240463397 258.08567194603506 210.13916913536775 169.93082017890754 122.1058064386807 118.3519716398946 114.52101001107928 75.35111605625207 39.83177916888428 10.932007013153338 3.529874959599624 134.4747023838338 208.10184690334836 321.74426989207984 502.11926536781164 864.1986321328874 954.415202335118

Equation: (cos(cos(x2)) * 0.040398178326124794) + 1015.3647394915076
Residuals:
489.2616250237545 416.92450022248147 327.046345473428 324.1358203311022 258.08388304204414 210.1368415498638 169.92826129333298 122.1032598037641 118.34952715508587 114.5191377800694 75.34950958149352 39.83086538061946 10.9318002022178 3.5301990765685787 134.47345240241293 208.10034373213125 321.74258606477406 502.1174728383347 864.1970123186022 954.4138542600725

Equation: ((sin(x2) * x3) * -0.0053784376862041515) + 1015.3829721813094
Residuals:
489.25700192585 416.9216292531012 327.04384530101277 324.13534372503193 258.0845407518183 210.13822631858932 169.9302168479353 122.10544889916196 118.35207193542158 114.52135833443435 75.35195146209685 39.83312018741651 10.933907224114932 3.5326867680428222 134.4711673396357 208.09796473152346 321.73946081626787 502.11404763375947 864.1930752687408 954.4093252014096

Equation: (sin(-0.005599590726110805) * (sin(x2) * x4)) + 1015.3819499112145
Residuals:
489.25594133957634 416.92063828251446 327.0428972508205 324.1345233007263 258.0838398970003 210.13745815952916 169.92951385895378 122.10490821205622 118.35138856988578 114.52123830899859 75.35189845380773 39.83317934481374 10.934013057083234 3.532264437526692 134.47133919255555 208.0980144987442 321.73950317912795 502.11392697627946 864.1928134127809 954.4091974208658

Equation: x4
Residuals:
572.8388 590.8112 626.4815 687.1959999999999 727.466 767.5047 788.1129 832.0303 918.4293 971.4645999999999 1022.7904000000001 1034.837 1078.4223 1119.1831 1265.1787 1338.3521 1413.4931 1420.7423000000001 1455.372 1674.0851

Equation: x0 ^ x4
Residuals:
544.3141271460355 555.9487842760217 579.3966923352078 635.2085893543996 655.598323323125 679.0099902487368 681.7779992556577 705.6372848209171 752.8428574331011 747.2734842363107 748.7621748294902 683.6449928027195 633.5458863200445 520.3632572187372 442.83238327299455 324.03493998442946 181.60421406287333 256.6798966343688 696.2263530834473 1204.642695230089

Equation: (x0 ^ x4) + x1
Residuals:
541.2724271460355 552.8220842760217 576.1383923352079 631.8880893543995 652.137923323125 675.4720902487368 678.1721992556577 701.9129848209171 749.0340574331011 743.3410842363107 744.7266748294901 679.5007928027194 629.2532863200445 516.0075572187372 438.34828327299454 319.47923998442946 176.9617140628734 261.3918966343688 701.0414530834471 1209.6148952300891

Equation: (x0 ^ x4) + (x2 ^ x3)
Residuals:
514.5115739286625 518.7884547798025 528.3769509516509 576.928743215192 581.5134712566418 581.6897281130921 563.766349667229 575.3018730511842 560.4833391543445 500.9767639871689 467.5470709631279 341.4884761461583 197.96701095580318 57.75442368362201 271.03698675258283 696.5814737671144 964.2354856051629 1875.8396010358042 2604.8451833306963 4162.270011337361

Equation: ((x0 + x0) * (x2 * x4)) * x0
Residuals:
397.48868769467674 391.30570201343676 394.80894389186307 445.75515148586595 443.117071474684 442.8276342457122 440.7624101044726 456.1978859436823 493.44772234090175 482.7050572132255 497.2575510336309 456.908259676866 442.18661141113796 416.1959188283438 478.077949866117 480.98905652997973 493.70901492428675 395.8942480617545 359.7957720689126 457.53091194202284

Equation: (2.914048752221087 ^ x2) * (x4 + x4)
Residuals:
412.74247771929487 403.1580668051814 405.905711019284 454.14688582355194 461.57782163890556 439.3729998602927 421.43883424481027 442.63301383508025 445.5638489745195 405.47091537373774 441.39144383688256 366.9260582586892 322.6179863970856 204.58236822392712 239.1872827185348 122.67783559265877 143.0794596373812 62.752151500703576 216.43995051769502 336.07617016467134

Equation: (0.9039958511124823 / 0.004731836985588877) * x2
Residuals:
9.873110108841729 15.43852576648078 0.18071447814713792 54.1762589353101 76.97937899596718 83.75585074145249 90.708874941163 126.73478488163414 184.9894606313868 211.39109985412563 260.96826822995445 253.48979760207965 278.95666773013 292.6157842807361 422.71227690120406 469.1681024937061 538.3382713188222 522.3145101821312 540.3704392397555 730.0315059925408

Equation: ((x3 + x3) + x3) - (-886.0367656240246 - x0)
Residuals:
322.2931656240246 304.60576562402457 269.4416656240246 208.93426562402465 169.0897656240246 129.31386562402463 108.89306562402464 65.14696562402457 20.749334375975423 73.51873437597533 124.53853437597547 136.41723437597534 179.6760343759754 220.24613437597543 365.94353437597533 438.6902343759755 513.5909343759754 520.3804343759755 554.9319343759755 773.0784343759755

Equation: (x3 + (x4 * (x0 * x2))) - (-886.0367656240246 - x0)
Residuals:
345.2199748558087 330.26505046028456 298.55575693304456 239.14842621638456 203.38753730178462 167.85907021222465 150.07970269864063 108.8516491364885 27.850298810840513 19.03825980842339 67.3261731256215 74.32167053794035 112.69825103217545 146.7682188953354 285.95468575779034 352.7761618113675 423.5595459726303 422.49602048385043 451.03867280495047 660.3217306627255

Equation: (x1 + x1) * (-30.63680942222831 / (x1 / -15.643003257074461))
Residuals:
382.593019156574 364.5452191565739 328.7309191565739 267.954819156574 227.57551915657393 187.461619156574 166.734219156574 122.76081915657392 36.23141915657391 16.916580843426004 68.30868084342615 80.46968084342598 124.14318084342608 165.06448084342605 311.170580843426 384.43008084342614 459.618180843426 466.97838084342607 501.73168084342615 720.5462808434261

Equation: sin(x2) + ((x2 + x3) - ((-958.6701664655285 - x4) - sin(x3)))
Residuals:
392.1142470344546 374.14216787174985 338.47309066321327 277.7606921094326 237.49859301524077 197.47780714527812 176.88884033936063 132.9840759341506 46.65321934073279 6.317491112537596 57.60807890837839 69.58648503809957 113.07632648570655 153.69845998585924 299.5794800849335 372.5295846706823 447.59468885593276 454.5864199940511 489.07097747955277 707.3918702624973

Equation: (cos(1663.4733090438108) + x2) * ((344.6296795507587 - -624.7625745289657) / x2)
Residuals:
393.4815278133383 375.43374045567487 339.619450689783 278.84335375009573 238.46406182205772 198.3501759982811 177.62278146200242 133.6493845178594 47.11999485553474 6.0279960698037485 57.42009547698808 69.5810892373114 113.25458372525634 154.17587592326277 300.2819715756549 373.5414646534384 448.7295631572505 456.08975753275433 490.84305369156743 709.6576473089002

Equation: x1
Residuals:
447.7037 559.745 599.6573 705.3879000000001 739.4574 740.4456 742.3163 760.9191000000001 830.0752 886.3304999999999 945.6805 1112.6924000000001 1255.1405 1303.2921 1332.9826 1362.3488 1390.9228 1495.5964000000001 1637.2775000000001 1796.7595000000001

Equation: x1 ^ x4
Residuals:
422.17045802245025 526.0420223907705 558.924285074105 647.0715359629686 671.0571468420818 654.9453344655872 631.7816078181964 630.7558543782263 659.8699210279965 669.2699211729075 671.5905831654577 751.4746048348793 791.0874737131835 674.3906704126683 632.8635736692707 321.1183659263945 86.57296292287037 80.1065236035763 382.76124025008744 832.3731831099597

Equation: (x1 ^ x4) + x2
Residuals:
419.15385802245027 522.9257223907705 555.691385074105 643.6795359629685 667.5722468420818 651.3751344655872 628.1792078181963 627.0090543782263 656.0360210279965 665.2926211729075 667.5059831654577 747.2967048348793 786.8119737131835 670.0778704126683 628.3982736692708 316.5690659263946 81.92456292287034 84.89852360357622 387.6152402500875 837.3234831099596

Equation: x3 - -950.6193474366139
Residuals:
502.97064743661383 390.8629474366139 350.9255474366139 245.2362474366139 211.08574743661393 210.2248474366139 208.3227474366139 189.67104743661378 120.59234743661398 64.33754743661393 4.995547436613833 162.0490525633861 304.56145256338596 352.69065256338604 382.3321525633862 411.7596525633861 440.29165256338604 545.0076525633862 686.6748525633861 846.1610525633862

Equation: cos(x3) - -955.1331653160811
Residuals:
503.4131759261836 391.25363262200335 351.2193096712616 245.405650401892 211.22317075755495 210.25346669985254 208.32005259663435 189.6352650993964 120.49164450831711 64.20338633517349 4.8392858335067785 162.22208712279848 304.7404738262203 352.8800734028953 382.52710693341703 411.95699985900023 440.4901331746936 545.2062236481974 686.873805016828 846.3607958377041

Equation: 953.4791911866215 + (x4 / x4)
Residuals:
503.7568911866215 391.59949118662155 351.5619911866215 245.7255911866215 211.53259118662152 210.50509118662148 208.54609118662154 189.82769118662145 120.58729118662154 64.21999118662154 4.780491186621475 162.36390881337854 304.9225088133784 353.16220881337847 382.9054088133786 412.41770881337845 441.06260881337846 545.8556088133786 687.6592088133785 847.2053088133786

Equation: (cos(x3) / (x3 ^ x3)) - -954.4883315697028
Residuals:
503.73439696104276 391.58011479786 351.54822051229746 245.7185161844136 211.5271363701553 210.5048033482209 208.54718588392348 189.83019382112752 120.59239872994306 64.22636715112844 4.787688526889951 162.3560820659368 304.91445014757835 353.1537183546724 382.89664294934255 412.4087808601148 441.0535358256029 545.8464715507821 687.6500054302785 847.1960901934065

Equation: (cos(-1.911896094724681) / x3) - -954.5675224651039
Residuals:
503.736384717315 391.5807166150082 351.54654269790035 245.71467199733831 211.522907902665 210.49996964869865 208.54243189680915 189.82568878028962 120.58906816832939 64.22421634009663 4.786728744618927 162.35570873033635 304.91343165169667 353.15110976964786 382.8925379805446 412.4034216043983 441.04651639245935 545.8383348656248 687.6399340770711 847.185190601841

Equation: (sin(cos(x3)) / (2.7379187553447992 ^ x3)) - -954.495625903146
Residuals:
503.73531244737717 391.57971854337495 351.54575796761014 245.71427813298988 211.52263237114437 210.500142794643 208.54274564392847 189.82615508383628 120.58983307295057 64.22511226010386 4.787673543213941 162.3547879276789 304.9125505119198 353.1504049050426 382.89210557411707 412.40330282712944 441.0469415671598 545.839214130455 687.6417775683863 847.1875182883808

Equation: (cos(x3 / 0.36481695513850176) / ((x3 * x2) * x3)) - -954.4869688317054
Residuals:
503.7457014961002 391.5858940710948 351.5450170357507 245.70786486881047 211.51579401079528 210.49262821855632 208.53589935089178 189.8209153800526 120.58824495974511 64.22629098122411 4.7908233562022815 162.35018590433833 304.9075989329449 353.1449274454775 382.887202006866 412.3993405529902 441.04488018338145 545.8389488938897 687.6447851957331 847.1921552946794

Equation: (cos(x3 / 0.3554173094611882) / (x3 / 0.06432357292446114)) - -954.4819732523702
Residuals:
503.7447500955234 391.5857184492129 351.5460653824381 245.70932155019318 211.5168244570359 210.49353290879571 208.53663697189597 189.82100844102683 120.58805915535845 64.22591029769592 4.790415726714741 162.35062029828123 304.90797807418085 353.14563321922844 382.8881801868638 412.40083900436343 441.0473976792272 545.8421980458179 687.6499728534247 847.1981647470408

Equation: (cos(x3 / 0.3551978202842328) / (x4 + (x3 / 0.06930980651914985))) - -954.4818204593608
Residuals:
503.7443912601892 391.5853833566647 351.5457220077517 245.7090389790876 211.5165524015531 210.4933331719069 208.53648247565047 189.82088016296223 120.58800239299751 64.22589378375153 4.790421373665254 162.35060553543804 304.9079731042633 353.1456506308996 382.888210194566 412.40091504908423 441.04751616433464 545.8423443325536 687.650172300458 847.1983925388797

Equation: x0
Residuals:
660.0606 695.3129 701.4368 710.9418 743.4899 772.559 772.7102 897.9753000000001 919.4444 930.1468 970.1039000000001 1026.3552 1045.3837 1074.2844 1111.2122000000002 1283.0156 1308.4178000000002 1379.2941 1452.3745999999999 1519.9563

Equation: x3 ^ x4
Residuals:
634.4483758636802 662.8193844006844 656.1040225874292 656.3440041059249 670.698315904538 687.7578815645826 664.5918310062895 764.1505158249395 744.1891499074038 703.076771094952 685.1612098481543 677.8066449125556 622.055914912387 429.3301961284059 317.4113164732978 338.35406213628426 32.59049182277113 341.1247315940627 608.5644282405381 1509.261077923199

Equation: x0 + (x3 ^ x4)
Residuals:
631.4076758636803 659.6577844006844 652.8501225874292 652.9767041059249 667.2648159045381 684.2562815645825 660.9001310062895 760.3636158249394 740.3740499074038 699.106771094952 681.1538098481542 673.6274449125557 617.781414912387 424.97019612840586 312.9580164732978 333.7744621362842 37.267491822771035 345.82613159406264 613.4455282405381 1514.1642779231993

Equation: x1 + 926.0394961866476
Residuals:
265.97509618664753 230.69209618664752 224.5830961866476 215.03299618664767 182.58649618664754 153.52569618664756 153.31289618664766 28.027996186647556 6.614396186647582 4.077803813352375 44.05810381335243 100.38180381335246 119.3703038133525 148.20870381335226 185.17230381335253 357.0338038133524 382.4053038133525 453.17760381335233 526.3211038133524 593.8925038133524

Equation: 930.683052390201 + sin(x0)
Residuals:
267.6824739609947 232.18854637856725 225.88028098258565 216.15015656682897 183.47187298333108 154.2701712814535 153.75837364883512 28.31940837964123 6.799821094213939 4.170603202163306 44.18986630259826 100.71253815994135 119.88079642294815 148.8998984666839 185.94907139229565 357.9033441005157 383.4111214851823 454.3123872315616 527.5584496306176 595.1582983537066

Equation: 930.0531342273538 - (x0 - x0)
Residuals:
266.95183422735374 231.57863422735375 225.3624342273538 215.74403422735384 183.12973422735377 153.99253422735376 153.65123422735383 28.290934227353773 6.7936342273537775 4.063665772646232 44.05816577264625 100.48126577264622 119.6050657726463 148.59126577264612 185.61236577264629 357.5420657726462 383.0416657726463 453.9423657726462 527.2025657726462 594.8063657726462

Equation: 930.0528482690924 - (sin(930.0528482690924) ^ x2)
Residuals:
266.9490340025518 231.57611899092126 225.36045479367135 215.74224997929173 183.12826135211446 153.99138280200623 153.650143954766 28.28997898786122 6.7928097010263855 4.064394383066315 44.05883636782323 100.48184610469025 119.60561019334182 148.5917681962327 185.61282517050097 357.54247733396426 383.04206283550786 453.9427423532753 527.2029318298654 594.8067077824498

Equation: (x4 - x4) + (930.0296838574359 + (0.006035315666368473 * x2))
Residuals:
266.94682174679656 231.57399231517854 225.35863906996656 215.74061627719573 183.12703387622844 153.99080676911387 153.64973248991987 28.289998602529295 6.793367919036655 4.063327945865126 44.057395213731866 100.47967139314335 119.60307064818323 148.58872445211523 185.60914185791353 357.5378478414232 383.03707003066256 453.9371423578332 527.1969621329462 594.7996624984319

Equation: 930.0910353585584 - (sin(-66.4398535753118) / (x1 + (x2 + x2)))
Residuals:
266.94057326831376 231.568492032961 225.3542033763207 215.73670039997694 183.12417366841294 153.9885866862652 153.64806374975933 28.288727192690658 6.79249108362535 4.063608590379886 44.057613228517994 100.47959269568196 119.60262674286105 148.58793047255278 185.60829277207029 357.53701034861933 383.03601368929446 453.93595400611343 527.1956277776355 594.7986043021135

Equation: x4
Residuals:
478.7516 501.1194 585.9338 591.7925 748.4357 817.8639000000001 880.9672 965.4312 971.2823 977.0544 993.0745 1089.1302 1102.0052 1107.0723 1153.5007999999998 1165.7155 1322.7888 1470.5021 1707.6097 2054.1585999999998

Equation: x1 ^ x3
Residuals:
448.7885004325838 467.4788124321034 546.0230413067059 541.5368293630521 675.8195436613589 727.5829198746957 766.9678854987333 820.6918836501047 783.2022207589753 759.4709106926191 712.2272761841219 761.0975958898259 616.1351244356038 509.8208203357972 436.2604961135404 157.23252628401167 83.4052105501728 296.0221501951314 508.19082349457494 782.6677099494436

Equation: (x0 ^ x3) - x1
Residuals:
454.75922939977596 470.7450421743689 549.3483965398138 545.222777615282 680.5793664244626 739.1771623894831 770.3442758147783 827.5759963675224 791.1718316979733 763.494556456096 722.8410501928291 763.3605857491475 633.8617136921612 481.92372481359234 453.0141335154982 171.65146722323925 78.29486719509873 245.65794782069224 575.9561059808179 681.2518208385518

Equation: 111.42783359435747 * x2
Residuals:
145.33279924519707 157.36279680412463 222.6353130412828 224.47716876501045 371.32310549190987 421.5370191466483 474.0775610383871 549.531607033728 543.2974309050676 536.2602589082787 543.1590059365876 630.2045947152883 636.2456978990001 626.3444120136836 664.1120987264482 663.7008112634105 811.3003320075768 940.7303678145861 1167.298209706325 1502.9610541804836

Equation: (638.7137327465762 + x4) + sin(x4)
Residuals:
160.0770708139105 137.62881856100648 52.64513697862958 46.704069571405626 110.00121187455625 179.53063991806516 242.70537909335758 327.25086073084526 333.2219977070728 339.0307528706569 355.1440365652941 451.24824765602943 464.1833573272587 469.2939385104014 515.7579784288072 527.9842798794024 685.0735002798671 832.7882839073678 1069.8894180278544 1416.4113057974828

Equation: x1 - (x3 - (x3 - -900.7114146650036))
Residuals:
422.02441466500363 399.6798146650036 314.72271466500365 308.8946146650036 152.3003146650035 82.91211466500363 19.824514665003562 64.67188533499643 70.54278533499632 76.31128533499634 92.30548533499632 188.44258533499647 201.2630853349964 206.39808533499638 252.8340853349963 264.9953853349965 422.06818533499654 569.7235853349964 806.9004853349963 1153.4475853349963

Equation: cos(x3) - (x3 - (x3 - -900.7114146650036))
Residuals:
417.9343603213798 395.4856670056349 310.5037705775841 304.5717197005738 147.91402808530324 78.39706769874067 15.260583476123657 69.22619612984056 75.1667463655308 80.94245623222673 97.05337206637955 193.1055842518764 205.96967861135454 211.04007184977058 257.54372227807164 269.66267465234773 426.8193694905357 574.4554114196386 811.5423093086222 1158.1758483064755

Equation: sin(cos(x4)) - (x3 - (x3 - -900.7114146650036))
Residuals:
418.09554290065387 395.6437652076529 310.6643097779205 304.7300762072738 148.03179694417054 78.51711900036332 15.355346343780525 69.17253178427097 75.11131940090672 80.90836795495932 96.98698905847732 193.0697177193697 205.97387779474275 211.05812586012007 257.4971439260555 269.71430730040606 426.7897158662405 574.5030750327435 811.6111728719884 1158.1653038356485

Equation: -476.2483170785697 - (x3 - (x3 - -1376.9571277318112))
Residuals:
418.93081065324145 396.4823106532415 311.4982106532415 305.55581065324145 148.84851065324142 79.31301065324146 16.13111065324142 68.42658934675853 74.4271893467585 80.24878934675849 96.40718934675851 192.54528934675864 205.5394893467585 210.71438934675848 257.26258934675843 269.5317893467586 426.73638934675864 574.5185893467585 811.7277893467585 1158.4219893467584

Equation: (sin(cos(x4)) * 0.00026285930944666057) - (x3 - (x3 - -900.708943221304))
Residuals:
418.9307229789106 396.48222211733855 311.49812333820705 305.55572548482905 148.8484278560137 79.31293332928499 16.131038619944547 68.42665354109874 74.42723729313832 80.24883083956217 96.40720986893655 192.54529531406467 205.5394716462322 210.71434781752714 257.26251911803934 269.53170543972806 426.73627148055687 574.5184533851028 811.7276268094587 1158.4217899910084

Equation: cos(x0)
Residuals:
422.7881879556748 661.6449861080657 692.3024270602796 704.2755101754501 776.0019726336353 793.2436629217863 841.2921113487721 843.6946141311646 981.978926027176 1006.5260751103931 1023.3016128661421 1038.4936788143627 1097.3937505988079 1106.441207507127 1130.0404331031175 1292.6828173716065 1332.1892883118385 1552.9657889859027 1577.326517464454 1657.2259938354855

Equation: x1 ^ x3
Residuals:
392.65905999610897 625.1610681704943 645.7988203073417 646.6485915040414 698.7043697459601 697.714177307339 732.2697876658156 699.8237744462225 792.6248526608596 761.0188668406836 717.2738301581269 648.4339129029868 631.4740117231389 465.3364236217167 280.0441938074249 354.05147556502516 141.18361810332522 59.60908926691627 460.47945192909606 1247.9903088957965

Equation: (x3 ^ x2) - cos(x2)
Residuals:
391.861541901436 622.3435622887305 645.8591439338204 645.878258857826 701.9634091137442 702.0779515218395 734.2925149928298 692.082324788812 802.6079607011395 782.3652909157239 721.6845378347116 678.5556313200034 654.3951080419888 491.18898218599224 351.33679844288054 311.9653408526026 3.4580066746152625 34.01792630218597 591.4658936882163 1248.818442703078

Equation: (x1 ^ x4) + (x3 ^ x1)
Residuals:
363.0911034834785 588.165026444042 597.7419209389943 588.5382597356374 625.7557688317008 601.6616403092822 618.7789660642911 562.3473837214935 608.2752934376608 531.1485310771621 439.6715766781937 272.0774689710603 91.54903000937054 80.61780717834927 534.1143610440663 639.6497742049605 1134.3754544120172 1919.2184570925924 2851.9432886566974 3977.5659247798567

Equation: (x4 * x3) * (x2 * (x0 + x1))
Residuals:
251.29383212835097 463.0139424621102 467.1873451754616 452.9453507173188 493.5461983151772 470.9080113481215 491.57405054484576 440.647512895586 536.6804182724786 519.013720757703 478.8922026465427 441.5245683300933 442.7159006881732 396.29171317058604 335.3738783022228 439.1322363027368 382.9912579950302 542.0515183204274 461.85932735973324 433.27327005118696

Equation: ((x3 + x3) * x4) * (x2 * (x0 + x1))
Residuals:
80.79246425670192 265.38278492422046 243.06489035092312 202.6024014346375 212.05719663035438 149.49122269624297 142.74080108969156 38.399025791171994 92.13073654495724 32.175941515406066 64.94009470691458 154.9412633398133 211.51469862365366 313.4592736588279 459.0236433955545 414.2773273945263 566.1908840099395 468.8659633591453 653.7329452805336 790.9497598976261

Equation: x4 + (cos(cos(x3)) / (0.2500909918501632 * 0.004296393257002176))
Residuals:
87.51538822379166 154.58037171054673 180.84779609434912 180.06472737469528 228.8612778474063 217.36574874742678 246.44717274604682 193.5604989801152 285.2992453119617 273.24797495101507 243.32816858163847 222.22413791401118 267.1664544115358 215.93994830532495 216.071594974272 376.0197598678484 399.3530489834386 617.5239021255022 645.8481052365336 758.3345571292525

Equation: (2.551611501820042 / sin(cos(935.8238714195134))) * 294.32436319161224
Residuals:
513.6246034906585 274.77470349065857 244.11000349065853 232.13150349065847 160.3846034906585 143.09500349065854 95.01250349065856 92.52380349065857 45.81029650934147 70.43169650934146 87.30469650934151 102.57059650934139 161.5266965093415 170.62289650934144 194.35159650934156 357.12199650934144 396.7535965093414 617.5491965093415 642.0317965093416 722.0764965093415

Equation: x0
Residuals:
513.8707999999999 572.7198 739.9375 785.6181 818.9615 824.8664 825.1206 891.985 903.3154000000001 951.0847 1004.0117 1073.5651 1143.7676999999999 1154.8935999999999 1169.3369 1256.4405 1257.8931 1264.927 1471.7007 1566.0729999999999

Equation: x3 ^ x0
Residuals:
486.1281911789027 538.0657727436201 699.2272818400736 726.0685753094112 751.4133250244759 737.2515393665144 711.8857549618219 743.5472965449885 735.4446199096691 726.845616396821 717.0080921608234 719.8737724182961 638.2889475365441 608.0625924634805 402.79240527475577 284.8002416402361 21.301218861528696 467.82430798907126 462.3458113036518 1342.2292314949839

Equation: (x3 - cos(x0)) ^ x0
Residuals:
444.15576306583756 487.4376509201245 637.3210520171772 641.1409507194801 658.9798732266844 622.1683082356543 574.3931053984165 580.3729037680545 559.4163076611262 527.5580241877174 495.5241918281042 474.8609865099354 386.3538689091863 364.63529321942246 210.4343366531407 115.22204997527729 107.65911211287448 345.5989203504746 278.08883420538905 595.4618958729341

Equation: x3 / cos(1.5625249310732279)
Residuals:
145.98284611779752 189.29096142442933 356.0545416217325 379.78102913569296 401.5136530899763 400.30446556037566 386.3208304354069 438.5190554584155 439.5876689564354 482.019930830815 519.9190359689171 572.423681781138 628.4270666643902 638.4149470672174 641.8031308817444 711.9222366775234 698.3478518197361 694.7837354698437 893.496428219756 974.9756526672969

Equation: (x0 / x2) / 0.001034759170801291
Residuals:
458.5095148373874 382.31515056724334 234.9854301817976 184.44220026762628 129.54356762483883 147.1300747712545 133.34458437873957 78.25180783910218 52.077857579335614 20.33639508409135 32.74301191160703 114.40761935038722 179.36881062627538 197.98913049953683 209.32825312228204 299.5057881349211 306.80640693683165 297.47081318983635 518.6441635563997 596.4383762611816

Equation: (x4 + x3) / cos(1.5625249310732279)
Residuals:
219.63071957712725 196.68215734844443 33.678565872781405 30.009381539532 12.254366232900225 31.368837674877454 51.92943056374429 18.047549313356058 20.847734499981925 4.706893112630041 30.648992315998385 70.03599258809197 109.99595292595313 107.80920746803554 103.78622380228762 159.77212440321978 135.61899314210405 115.64875237013507 311.65328604079536 380.80071468102733

Equation: ((x0 / x0) / 0.001034759170801291) + x0
Residuals:
452.5376438368646 393.6886438368647 226.47094383686454 180.7903438368645 147.44694383686453 141.54204383686465 141.28784383686468 74.42344383686464 63.09304383686458 15.323743836864537 37.603256163135484 107.15665616313538 177.35925616313534 188.48515616313534 202.92845616313537 290.0320561631354 291.48465616313547 298.5185561631354 505.29225616313556 599.6645561631353

Equation: ((x0 / x0) / 0.001034759170801291) + (x3 + x0)
Residuals:
455.60584383686466 396.8859438368646 229.6730438368645 184.17524383686452 150.9280438368645 145.08324383686465 144.9476438368646 78.20544383686456 66.96014383686452 19.236443836864623 33.56555616313551 102.97755616313543 173.06135616313532 184.1774561631354 198.5279561631354 285.49055616313535 286.81805616313545 293.76315616313536 500.4699561631355 594.7340561631353

Equation: ((x0 / x0) / 0.0010252010692465383) + sin(0.397827987053105 * x3)
Residuals:
459.4296238344581 400.52969730062375 233.18635772424602 187.37808789394614 154.02268012797435 147.96991843399712 147.62132782600509 80.65352188926067 69.29798962832865 21.35311200088381 31.6590175175553 101.26249457283598 171.6342358869665 182.80748370048082 197.42111567115865 284.59869180939484 286.1617245500927 293.3440776007915 500.15371089824407 594.7298421992549

Equation: ((1.5774375952232946 / 45.75304187759015) / (64.28452896554639 + 63.72181294558856)) + 976.4106149439524
Residuals:
459.48278428387266 400.5664842838727 233.2225842838726 187.3955842838726 154.0323842838726 147.97548428387267 147.62038428387268 80.64818428387264 69.2909842838726 21.34568428387263 31.665915716127415 101.26581571612735 171.63211571612726 182.80481571612734 197.41251571612736 284.5785157161273 286.12871571612743 293.3005157161273 500.10141571612746 594.6620157161273

Equation: x4
Residuals:
523.0492 595.2905999999999 685.0671 687.9184 753.8698 801.7498999999999 841.8114999999999 889.5422 893.2208 896.8978 935.9581 971.39 1000.2073 1007.5629 1145.4316000000001 1218.9860999999999 1332.4699 1512.749 1874.731 1964.8944

Equation: x3 ^ x4
Residuals:
494.2870944651512 559.6061970031499 643.0842838813102 637.6271223565212 690.2664567812625 721.7344187714244 728.8508341068516 751.0083992219875 718.2030551662815 672.1643498924977 643.0417809436134 608.7406693582184 551.1707323862729 439.4817852769156 374.49344643140637 309.5661354906583 37.04699166972523 194.25867156985237 265.54627146477924 551.0221617606271

Equation: x4 + (x3 ^ x4)
Residuals:
491.2112944651512 556.4346970031498 639.8110838813102 634.2939223565212 686.8315567812625 718.2314187714245 725.1997341068517 747.2607992219876 714.3795551662815 668.1849498924977 638.9521809436134 604.5623693582185 546.9089323862729 435.17278527691565 370.0475464314063 305.04733549065827 41.724591669725214 199.03227156985236 270.4170714647794 555.9458617606269

Equation: 1011.385564680283 + x2
Residuals:
488.34356468028295 416.10946468028305 326.254964680283 323.501064680283 257.572164680283 209.71726468028305 169.5848646802831 121.89086468028302 118.17956468028297 114.48296468028298 75.35936468028308 39.94646468028293 11.148464680282927 3.825064680283049 134.01453531971708 207.57763531971693 321.15503531971706 501.40183531971707 863.3717353197169 953.508035319717

Equation: 1014.7518158324722 - sin(x2)
Residuals:
488.5682566988586 416.3341085850151 326.4795705371829 323.72381672415975 257.789738714451 209.92757426897833 169.7863626679533 122.06999065179662 118.34921167172513 114.6145734487452 75.47479567372227 40.018226594524776 11.16953106511096 3.8005912489992397 134.15316726041408 207.7676161978544 321.40124297231955 501.7710443275545 863.8586981432269 954.0886954946639

Equation: 1015.3963271803163 + (x2 - x2)
Residuals:
489.27132718031635 416.9342271803164 327.0560271803164 324.1447271803163 258.0916271803163 210.1434271803164 169.9337271803164 122.10652718031633 118.35202718031633 114.51912718031633 75.34862718031638 39.828027180316326 10.927227180316322 3.5244271803163656 134.4811728196837 208.10857281968356 321.7511728196837 502.12627281968366 864.2054728196836 954.4217728196836

Equation: (-0.18220920639509686 / x2) + 1015.4427086906264
Residuals:
489.2586074235504 416.923418104815 327.0456403925316 324.13699410941547 258.0858191891813 210.1389775779793 169.9303505851634 122.10489698964489 118.3509373605076 114.51966528339165 75.34969992365018 39.83028169111196 10.930553585145503 3.528546500526886 134.47548662504687 208.10231047320974 321.744342679361 502.1183710370293 864.196702870194 954.4123918589512

Equation: 1015.3836131600473 + (-0.019726604214938423 * sin(x2))
Residuals:
489.2574579871954 416.9223888783067 327.04465564827217 324.1364240463397 258.08567194603506 210.13916913536775 169.93082017890754 122.1058064386807 118.3519716398946 114.52101001107928 75.35111605625207 39.83177916888428 10.932007013153338 3.529874959599624 134.4747023838338 208.10184690334836 321.74426989207984 502.11926536781164 864.1986321328874 954.415202335118

Equation: (cos(cos(x2)) * 0.040398178326124794) + 1015.3647394915076
Residuals:
489.2616250237545 416.92450022248147 327.046345473428 324.1358203311022 258.08388304204414 210.1368415498638 169.92826129333298 122.1032598037641 118.34952715508587 114.5191377800694 75.34950958149352 39.83086538061946 10.9318002022178 3.5301990765685787 134.47345240241293 208.10034373213125 321.74258606477406 502.1174728383347 864.1970123186022 954.4138542600725

Equation: ((sin(x2) * x3) * -0.0053784376862041515) + 1015.3829721813094
Residuals:
489.25700192585 416.9216292531012 327.04384530101277 324.13534372503193 258.0845407518183 210.13822631858932 169.9302168479353 122.10544889916196 118.35207193542158 114.52135833443435 75.35195146209685 39.83312018741651 10.933907224114932 3.5326867680428222 134.4711673396357 208.09796473152346 321.73946081626787 502.11404763375947 864.1930752687408 954.4093252014096

Equation: (sin(-0.005599590726110805) * (sin(x2) * x4)) + 1015.3819499112145
Residuals:
489.25594133957634 416.92063828251446 327.0428972508205 324.1345233007263 258.0838398970003 210.13745815952916 169.92951385895378 122.10490821205622 118.35138856988578 114.52123830899859 75.35189845380773 39.83317934481374 10.934013057083234 3.532264437526692 134.47133919255555 208.0980144987442 321.73950317912795 502.11392697627946 864.1928134127809 954.4091974208658

Equation: x4
Residuals:
572.8388 590.8112 626.4815 687.1959999999999 727.466 767.5047 788.1129 832.0303 918.4293 971.4645999999999 1022.7904000000001 1034.837 1078.4223 1119.1831 1265.1787 1338.3521 1413.4931 1420.7423000000001 1455.372 1674.0851

Equation: x0 ^ x4
Residuals:
544.3141271460355 555.9487842760217 579.3966923352078 635.2085893543996 655.598323323125 679.0099902487368 681.7779992556577 705.6372848209171 752.8428574331011 747.2734842363107 748.7621748294902 683.6449928027195 633.5458863200445 520.3632572187372 442.83238327299455 324.03493998442946 181.60421406287333 256.6798966343688 696.2263530834473 1204.642695230089

Equation: (x0 ^ x4) + x1
Residuals:
541.2724271460355 552.8220842760217 576.1383923352079 631.8880893543995 652.137923323125 675.4720902487368 678.1721992556577 701.9129848209171 749.0340574331011 743.3410842363107 744.7266748294901 679.5007928027194 629.2532863200445 516.0075572187372 438.34828327299454 319.47923998442946 176.9617140628734 261.3918966343688 701.0414530834471 1209.6148952300891

Equation: (x0 ^ x4) + (x2 ^ x3)
Residuals:
514.5115739286625 518.7884547798025 528.3769509516509 576.928743215192 581.5134712566418 581.6897281130921 563.766349667229 575.3018730511842 560.4833391543445 500.9767639871689 467.5470709631279 341.4884761461583 197.96701095580318 57.75442368362201 271.03698675258283 696.5814737671144 964.2354856051629 1875.8396010358042 2604.8451833306963 4162.270011337361

Equation: ((x0 + x0) * (x2 * x4)) * x0
Residuals:
397.48868769467674 391.30570201343676 394.80894389186307 445.75515148586595 443.117071474684 442.8276342457122 440.7624101044726 456.1978859436823 493.44772234090175 482.7050572132255 497.2575510336309 456.908259676866 442.18661141113796 416.1959188283438 478.077949866117 480.98905652997973 493.70901492428675 395.8942480617545 359.7957720689126 457.53091194202284

Equation: (2.914048752221087 ^ x2) * (x4 + x4)
Residuals:
412.74247771929487 403.1580668051814 405.905711019284 454.14688582355194 461.57782163890556 439.3729998602927 421.43883424481027 442.63301383508025 445.5638489745195 405.47091537373774 441.39144383688256 366.9260582586892 322.6179863970856 204.58236822392712 239.1872827185348 122.67783559265877 143.0794596373812 62.752151500703576 216.43995051769502 336.07617016467134

Equation: (0.9039958511124823 / 0.004731836985588877) * x2
Residuals:
9.873110108841729 15.43852576648078 0.18071447814713792 54.1762589353101 76.97937899596718 83.75585074145249 90.708874941163 126.73478488163414 184.9894606313868 211.39109985412563 260.96826822995445 253.48979760207965 278.95666773013 292.6157842807361 422.71227690120406 469.1681024937061 538.3382713188222 522.3145101821312 540.3704392397555 730.0315059925408

Equation: ((x3 + x3) + x3) - (-886.0367656240246 - x0)
Residuals:
322.2931656240246 304.60576562402457 269.4416656240246 208.93426562402465 169.0897656240246 129.31386562402463 108.89306562402464 65.14696562402457 20.749334375975423 73.51873437597533 124.53853437597547 136.41723437597534 179.6760343759754 220.24613437597543 365.94353437597533 438.6902343759755 513.5909343759754 520.3804343759755 554.9319343759755 773.0784343759755

Equation: (x3 + (x4 * (x0 * x2))) - (-886.0367656240246 - x0)
Residuals:
345.2199748558087 330.26505046028456 298.55575693304456 239.14842621638456 203.38753730178462 167.85907021222465 150.07970269864063 108.8516491364885 27.850298810840513 19.03825980842339 67.3261731256215 74.32167053794035 112.69825103217545 146.7682188953354 285.95468575779034 352.7761618113675 423.5595459726303 422.49602048385043 451.03867280495047 660.3217306627255

Equation: (x1 + x1) * (-30.63680942222831 / (x1 / -15.643003257074461))
Residuals:
382.593019156574 364.5452191565739 328.7309191565739 267.954819156574 227.57551915657393 187.461619156574 166.734219156574 122.76081915657392 36.23141915657391 16.916580843426004 68.30868084342615 80.46968084342598 124.14318084342608 165.06448084342605 311.170580843426 384.43008084342614 459.618180843426 466.97838084342607 501.73168084342615 720.5462808434261

Equation: sin(x2) + ((x2 + x3) - ((-958.6701664655285 - x4) - sin(x3)))
Residuals:
392.1142470344546 374.14216787174985 338.47309066321327 277.7606921094326 237.49859301524077 197.47780714527812 176.88884033936063 132.9840759341506 46.65321934073279 6.317491112537596 57.60807890837839 69.58648503809957 113.07632648570655 153.69845998585924 299.5794800849335 372.5295846706823 447.59468885593276 454.5864199940511 489.07097747955277 707.3918702624973

Equation: (cos(1663.4733090438108) + x2) * ((344.6296795507587 - -624.7625745289657) / x2)
Residuals:
393.4815278133383 375.43374045567487 339.619450689783 278.84335375009573 238.46406182205772 198.3501759982811 177.62278146200242 133.6493845178594 47.11999485553474 6.0279960698037485 57.42009547698808 69.5810892373114 113.25458372525634 154.17587592326277 300.2819715756549 373.5414646534384 448.7295631572505 456.08975753275433 490.84305369156743 709.6576473089002

Equation: x1
Residuals:
447.7037 559.745 599.6573 705.3879000000001 739.4574 740.4456 742.3163 760.9191000000001 830.0752 886.3304999999999 945.6805 1112.6924000000001 1255.1405 1303.2921 1332.9826 1362.3488 1390.9228 1495.5964000000001 1637.2775000000001 1796.7595000000001

Equation: x1 ^ x4
Residuals:
422.17045802245025 526.0420223907705 558.924285074105 647.0715359629686 671.0571468420818 654.9453344655872 631.7816078181964 630.7558543782263 659.8699210279965 669.2699211729075 671.5905831654577 751.4746048348793 791.0874737131835 674.3906704126683 632.8635736692707 321.1183659263945 86.57296292287037 80.1065236035763 382.76124025008744 832.3731831099597

Equation: (x1 ^ x4) + x2
Residuals:
419.15385802245027 522.9257223907705 555.691385074105 643.6795359629685 667.5722468420818 651.3751344655872 628.1792078181963 627.0090543782263 656.0360210279965 665.2926211729075 667.5059831654577 747.2967048348793 786.8119737131835 670.0778704126683 628.3982736692708 316.5690659263946 81.92456292287034 84.89852360357622 387.6152402500875 837.3234831099596

Equation: x3 - -950.6193474366139
Residuals:
502.97064743661383 390.8629474366139 350.9255474366139 245.2362474366139 211.08574743661393 210.2248474366139 208.3227474366139 189.67104743661378 120.59234743661398 64.33754743661393 4.995547436613833 162.0490525633861 304.56145256338596 352.69065256338604 382.3321525633862 411.7596525633861 440.29165256338604 545.0076525633862 686.6748525633861 846.1610525633862

Equation: cos(x3) - -955.1331653160811
Residuals:
503.4131759261836 391.25363262200335 351.2193096712616 245.405650401892 211.22317075755495 210.25346669985254 208.32005259663435 189.6352650993964 120.49164450831711 64.20338633517349 4.8392858335067785 162.22208712279848 304.7404738262203 352.8800734028953 382.52710693341703 411.95699985900023 440.4901331746936 545.2062236481974 686.873805016828 846.3607958377041

Equation: 953.4791911866215 + (x4 / x4)
Residuals:
503.7568911866215 391.59949118662155 351.5619911866215 245.7255911866215 211.53259118662152 210.50509118662148 208.54609118662154 189.82769118662145 120.58729118662154 64.21999118662154 4.780491186621475 162.36390881337854 304.9225088133784 353.16220881337847 382.9054088133786 412.41770881337845 441.06260881337846 545.8556088133786 687.6592088133785 847.2053088133786

Equation: (cos(x3) / (x3 ^ x3)) - -954.4883315697028
Residuals:
503.73439696104276 391.58011479786 351.54822051229746 245.7185161844136 211.5271363701553 210.5048033482209 208.54718588392348 189.83019382112752 120.59239872994306 64.22636715112844 4.787688526889951 162.3560820659368 304.91445014757835 353.1537183546724 382.89664294934255 412.4087808601148 441.0535358256029 545.8464715507821 687.6500054302785 847.1960901934065

Equation: (cos(-1.911896094724681) / x3) - -954.5675224651039
Residuals:
503.736384717315 391.5807166150082 351.54654269790035 245.71467199733831 211.522907902665 210.49996964869865 208.54243189680915 189.82568878028962 120.58906816832939 64.22421634009663 4.786728744618927 162.35570873033635 304.91343165169667 353.15110976964786 382.8925379805446 412.4034216043983 441.04651639245935 545.8383348656248 687.6399340770711 847.185190601841

Equation: (sin(cos(x3)) / (2.7379187553447992 ^ x3)) - -954.495625903146
Residuals:
503.73531244737717 391.57971854337495 351.54575796761014 245.71427813298988 211.52263237114437 210.500142794643 208.54274564392847 189.82615508383628 120.58983307295057 64.22511226010386 4.787673543213941 162.3547879276789 304.9125505119198 353.1504049050426 382.89210557411707 412.40330282712944 441.0469415671598 545.839214130455 687.6417775683863 847.1875182883808

Equation: (cos(x3 / 0.36481695513850176) / ((x3 * x2) * x3)) - -954.4869688317054
Residuals:
503.7457014961002 391.5858940710948 351.5450170357507 245.70786486881047 211.51579401079528 210.49262821855632 208.53589935089178 189.8209153800526 120.58824495974511 64.22629098122411 4.7908233562022815 162.35018590433833 304.9075989329449 353.1449274454775 382.887202006866 412.3993405529902 441.04488018338145 545.8389488938897 687.6447851957331 847.1921552946794

Equation: (cos(x3 / 0.3554173094611882) / (x3 / 0.06432357292446114)) - -954.4819732523702
Residuals:
503.7447500955234 391.5857184492129 351.5460653824381 245.70932155019318 211.5168244570359 210.49353290879571 208.53663697189597 189.82100844102683 120.58805915535845 64.22591029769592 4.790415726714741 162.35062029828123 304.90797807418085 353.14563321922844 382.8881801868638 412.40083900436343 441.0473976792272 545.8421980458179 687.6499728534247 847.1981647470408

Equation: (cos(x3 / 0.3551978202842328) / (x4 + (x3 / 0.06930980651914985))) - -954.4818204593608
Residuals:
503.7443912601892 391.5853833566647 351.5457220077517 245.7090389790876 211.5165524015531 210.4933331719069 208.53648247565047 189.82088016296223 120.58800239299751 64.22589378375153 4.790421373665254 162.35060553543804 304.9079731042633 353.1456506308996 382.888210194566 412.40091504908423 441.04751616433464 545.8423443325536 687.650172300458 847.1983925388797

Equation: x0
Residuals:
660.0606 695.3129 701.4368 710.9418 743.4899 772.559 772.7102 897.9753000000001 919.4444 930.1468 970.1039000000001 1026.3552 1045.3837 1074.2844 1111.2122000000002 1283.0156 1308.4178000000002 1379.2941 1452.3745999999999 1519.9563

Equation: x3 ^ x4
Residuals:
634.4483758636802 662.8193844006844 656.1040225874292 656.3440041059249 670.698315904538 687.7578815645826 664.5918310062895 764.1505158249395 744.1891499074038 703.076771094952 685.1612098481543 677.8066449125556 622.055914912387 429.3301961284059 317.4113164732978 338.35406213628426 32.59049182277113 341.1247315940627 608.5644282405381 1509.261077923199

Equation: x0 + (x3 ^ x4)
Residuals:
631.4076758636803 659.6577844006844 652.8501225874292 652.9767041059249 667.2648159045381 684.2562815645825 660.9001310062895 760.3636158249394 740.3740499074038 699.106771094952 681.1538098481542 673.6274449125557 617.781414912387 424.97019612840586 312.9580164732978 333.7744621362842 37.267491822771035 345.82613159406264 613.4455282405381 1514.1642779231993

Equation: x1 + 926.0394961866476
Residuals:
265.97509618664753 230.69209618664752 224.5830961866476 215.03299618664767 182.58649618664754 153.52569618664756 153.31289618664766 28.027996186647556 6.614396186647582 4.077803813352375 44.05810381335243 100.38180381335246 119.3703038133525 148.20870381335226 185.17230381335253 357.0338038133524 382.4053038133525 453.17760381335233 526.3211038133524 593.8925038133524

Equation: 930.683052390201 + sin(x0)
Residuals:
267.6824739609947 232.18854637856725 225.88028098258565 216.15015656682897 183.47187298333108 154.2701712814535 153.75837364883512 28.31940837964123 6.799821094213939 4.170603202163306 44.18986630259826 100.71253815994135 119.88079642294815 148.8998984666839 185.94907139229565 357.9033441005157 383.4111214851823 454.3123872315616 527.5584496306176 595.1582983537066

Equation: 930.0531342273538 - (x0 - x0)
Residuals:
266.95183422735374 231.57863422735375 225.3624342273538 215.74403422735384 183.12973422735377 153.99253422735376 153.65123422735383 28.290934227353773 6.7936342273537775 4.063665772646232 44.05816577264625 100.48126577264622 119.6050657726463 148.59126577264612 185.61236577264629 357.5420657726462 383.0416657726463 453.9423657726462 527.2025657726462 594.8063657726462

Equation: 930.0528482690924 - (sin(930.0528482690924) ^ x2)
Residuals:
266.9490340025518 231.57611899092126 225.36045479367135 215.74224997929173 183.12826135211446 153.99138280200623 153.650143954766 28.28997898786122 6.7928097010263855 4.064394383066315 44.05883636782323 100.48184610469025 119.60561019334182 148.5917681962327 185.61282517050097 357.54247733396426 383.04206283550786 453.9427423532753 527.2029318298654 594.8067077824498

Equation: (x4 - x4) + (930.0296838574359 + (0.006035315666368473 * x2))
Residuals:
266.94682174679656 231.57399231517854 225.35863906996656 215.74061627719573 183.12703387622844 153.99080676911387 153.64973248991987 28.289998602529295 6.793367919036655 4.063327945865126 44.057395213731866 100.47967139314335 119.60307064818323 148.58872445211523 185.60914185791353 357.5378478414232 383.03707003066256 453.9371423578332 527.1969621329462 594.7996624984319

Equation: 930.0910353585584 - (sin(-66.4398535753118) / (x1 + (x2 + x2)))
Residuals:
266.94057326831376 231.568492032961 225.3542033763207 215.73670039997694 183.12417366841294 153.9885866862652 153.64806374975933 28.288727192690658 6.79249108362535 4.063608590379886 44.057613228517994 100.47959269568196 119.60262674286105 148.58793047255278 185.60829277207029 357.53701034861933 383.03601368929446 453.93595400611343 527.1956277776355 594.7986043021135

