Selected Best Function: 6, (cos(x1) + cos(x1))*sin(x0)
Train MSE: 0.00012345858979707618
Train NMSE: 0.00013258084752524455
Test MSE: 7.79913730321041e-05
Test NMSE: 6.697236886226768e-05
***************************************************************
Train Residuals: [7.66455996e-03 5.46611651e-03 6.23717648e-03 1.96751076e-02
 2.33296388e-02 1.59189112e-03 6.38347849e-03 6.93205944e-04
 8.00202517e-03 2.28938913e-03 8.28197628e-03 1.18076801e-02
 4.14111409e-03 2.20765091e-02 5.54674899e-04 6.79775514e-03
 2.40016165e-02 9.04210806e-03 1.99183248e-02 8.13883316e-03
 3.60298555e-03 4.66772596e-05 1.58469071e-02 1.93166577e-02
 1.02061720e-02 3.85931280e-03 6.79876144e-03 1.28959143e-02
 1.46738460e-02 4.37989173e-03 1.23395409e-02 1.02846143e-02
 8.25516449e-03 1.37382648e-03 1.64498338e-03 1.84430344e-03
 1.36191634e-03 1.28979562e-03 1.42459533e-02 1.30406839e-04
 2.96193644e-03 2.93033119e-02 1.91195326e-02 5.83199120e-03
 3.95626304e-03 4.96728207e-03 7.82384494e-03 8.52518692e-03
 4.02268518e-03 5.01096797e-03 5.41960170e-03 7.98630645e-04
 1.31518331e-02 7.69506753e-03 2.14305628e-02 9.35172300e-03
 1.33956064e-04 7.13167648e-03 1.01552832e-02 2.10454740e-02
 3.67235000e-03 1.37042696e-02 1.17420571e-02 3.96442405e-03
 1.15448581e-02 2.82290913e-03 2.02234367e-02 1.39387818e-02
 1.18449045e-03 1.69572347e-02 1.12105921e-02 1.01339450e-02
 6.89760527e-03 7.52861877e-03 1.05628908e-02 1.66422970e-02
 3.93750492e-03 7.17114564e-03 2.39199860e-03 3.21144987e-03]
***************************************************************
Test Residuals: [0.0077707  0.00060921 0.01016682 0.01261113 0.01104589 0.01234379
 0.00220948 0.00251927 0.00031656 0.00378181 0.0025476  0.00419307
 0.00131027 0.00103536 0.00549285 0.02644418 0.00709979 0.00498034
 0.00913274 0.00465953]
***************************************************************
