Selected Best Function: 6, (x0 + x0*x0)*(x0*x0*x0 + x0)
Train MSE: 3423.718282078024
Train NMSE: 4.604240494813585e-16
Test MSE: 2954.6765525311143
Test NMSE: 6.647328960385929e-16
***************************************************************
Train Residuals: [64.72569919 88.45388222 39.80666566 58.15666926 15.34550274 56.58103061
 53.7880407  48.26014775  3.89024471 86.29305553 70.87542295  3.94099665
 50.33391809 78.75007153 96.16689777 70.30072165 11.11032453 99.62703514
 37.10608141 99.57043266 32.07975176 71.15613079 67.45072842 32.04549937
 62.09894753  8.6201781  64.10686851 24.83221301 74.18233013 23.75223335
 91.99294758 25.6576295  41.74453548 79.42580128 28.19895823 49.00877482
 46.27004239 79.98553991 41.65010358 78.16671705  5.54093796 98.23950577
 27.54013987 78.96314812 30.56491958 98.69860077 92.92780781 45.92694598
  6.79896414 64.60289693 30.31193025 50.10892892 31.42959319 41.92751779
 76.33442211 43.22356781  2.19139054 86.23687935 32.83220193 21.34854478
 57.17955208 91.07445717 91.36818504 25.19941851 63.99788809 92.15862751
  0.79344784 24.32596864 37.23141189 56.0681957  87.45683956 39.43786946
 60.18856454 56.51766109 28.87589772 28.05867384 24.2532397  26.21412755
 50.51953685 58.79724228]
***************************************************************
Test Residuals: [11.44266192 15.17515442 70.15772557 26.17478101 97.1432972  82.40020657
 57.80810714 27.16525863 30.87767049 66.27883577 73.72263432 82.7743125
 32.81551825 33.58622893 50.23985648 26.49619211 18.54302147 20.37754454
 74.04229116 59.27462685]
***************************************************************
