Selected Best Function: 4, x0*(x0*x0 + x0) + x0
Train MSE: 7.74657874468247e-05
Train NMSE: 9.994490287793753e-16
Test MSE: 0.00012156279011975551
Test NMSE: 1.0953023786686146e-15
***************************************************************
Train Residuals: [0.00065907 0.00987872 0.00267866 0.00580497 0.00910581 0.0054059
 0.00917974 0.00202528 0.00380651 0.0063366  0.01500642 0.00521184
 0.00872654 0.00082547 0.00419508 0.00280136 0.01067821 0.01357527
 0.00418001 0.00768183 0.00774485 0.00556189 0.01002184 0.01035111
 0.00371956 0.0125208  0.00913165 0.00152758 0.00296972 0.00813017
 0.01177268 0.00651189 0.00959498 0.01004828 0.00062821 0.00634677
 0.00113092 0.00536978 0.01325667 0.00235101 0.01363289 0.00954508
 0.00571598 0.00930612 0.00319868 0.00943084 0.01144977 0.00127146
 0.00589319 0.00915796 0.00545159 0.00231803 0.01506334 0.00629745
 0.00314166 0.00672115 0.00084771 0.00944164 0.01342667 0.00355141
 0.00931696 0.00509827 0.00722302 0.01676308 0.00449732 0.00879347
 0.00616598 0.02216049 0.00044065 0.01207369 0.00731271 0.00179654
 0.02449018 0.00814502 0.00047908 0.00098624 0.00259494 0.0139323
 0.00368184 0.01657603]
***************************************************************
Test Residuals: [0.00096402 0.01843747 0.00428409 0.00492893 0.00770527 0.00261315
 0.02109296 0.00848036 0.01571427 0.00833194 0.00368164 0.01394113
 0.00256684 0.00747155 0.00025896 0.01095112 0.01535331 0.01792175
 0.01218888 0.00724921]
***************************************************************
