Selected Best Function: 4, sin(x0) + sin(x1*x1)
Train MSE: 0.0001202719799616472
Train NMSE: 0.00012603009012658681
Test MSE: 7.505145721268134e-05
Test NMSE: 5.1034011263750484e-05
***************************************************************
Train Residuals: [4.49578578e-03 1.26945212e-03 4.13284394e-03 5.18928457e-03
 2.23940132e-02 2.48470675e-02 6.15199971e-03 6.93793392e-03
 1.72049042e-02 4.36379628e-03 1.97164423e-02 1.31798016e-02
 4.85145198e-03 9.73701627e-03 3.98887820e-03 2.56669826e-03
 1.04932233e-02 4.18672422e-03 5.58313605e-03 7.63600941e-03
 4.44600436e-03 5.97876551e-03 1.86190383e-02 1.34720185e-02
 2.55929503e-02 9.15613172e-03 1.33310853e-02 4.85216309e-03
 1.00977174e-02 6.14516413e-03 1.64726700e-02 8.91597097e-03
 9.27392275e-03 7.52619079e-03 2.22371026e-02 1.17916652e-02
 2.17592372e-02 1.21658535e-02 8.33255325e-03 3.68678141e-03
 1.70866225e-02 1.51691212e-02 1.03049401e-02 1.04573320e-02
 4.22895960e-06 6.63513459e-03 1.20169131e-02 1.50117358e-02
 9.68507303e-03 1.10419806e-02 1.44860688e-03 3.65013825e-03
 3.08780486e-03 7.29711938e-03 7.47965666e-03 1.01061717e-02
 6.22516411e-03 2.46965181e-03 1.85084329e-02 6.95799199e-03
 1.04542550e-02 1.27768016e-02 3.53831570e-03 1.03294967e-02
 5.28352376e-03 1.09068004e-02 1.30620829e-02 3.57672083e-03
 8.54194674e-03 5.81185691e-03 1.59576882e-02 1.28539417e-02
 6.88152055e-03 6.30316469e-03 1.12852381e-02 6.13468287e-03
 6.31477524e-03 2.01693941e-03 5.66002433e-03 2.15908352e-03]
***************************************************************
Test Residuals: [0.0033888  0.00782152 0.02073094 0.00707414 0.00154621 0.00445685
 0.00421748 0.01213252 0.00743095 0.0017809  0.0057873  0.01882725
 0.00648881 0.00232083 0.01091936 0.00203125 0.00755789 0.00274354
 0.00454743 0.00766734]
***************************************************************
