Selected Best Function: 10, sin(x0*x0)*cos(x0) - 0.99208915
Train MSE: 0.06897447183712498
Train NMSE: 0.22509681896611955
Test MSE: 0.1061795690822944
Test NMSE: 0.27519285004999666
***************************************************************
Train Residuals: [0.43280627 0.04933465 0.20635635 0.13557523 0.23521381 0.11528313
 0.07732467 0.02937345 0.27136456 0.02344733 0.51834572 0.14646787
 0.05516675 0.32062444 0.06843633 0.26605245 0.23764622 0.0895553
 0.22597982 0.09741598 0.25695843 0.2018096  0.25162446 0.12019965
 0.18819417 0.36047468 0.46814974 0.06215395 0.12361702 0.39036463
 0.38143639 0.05987808 0.08782485 0.1382582  0.47285177 0.04905758
 0.08475984 0.12685079 0.07463909 0.45061946 0.29023215 0.49327481
 0.0855044  0.15949273 0.15590816 0.15685375 0.06840996 0.08978694
 0.31041311 0.48363877 0.05198824 0.05371468 0.05781988 0.21049086
 0.30089729 0.25449686 0.25550736 0.25711288 0.02831217 0.51343054
 0.56005361 0.08749143 0.09294428 0.42057525 0.39700509 0.25300955
 0.33133284 0.29111716 0.11020965 0.42536364 0.48589973 0.08908231
 0.18983113 0.05918287 0.34986006 0.1081835  0.14092733 0.46783241
 0.12206819 0.05261405]
***************************************************************
Test Residuals: [3.95278508e-01 7.67537915e-01 1.14018166e-01 8.33225810e-02
 1.14136726e-01 4.40217408e-02 3.47810894e-01 1.92232422e-01
 3.55820484e-01 4.50047798e-01 1.48325595e-01 3.42356207e-01
 3.47330536e-02 1.65968464e-01 1.58760615e-01 3.60869243e-04
 5.28524293e-01 1.53868652e-01 4.82219025e-01 3.57117712e-01]
***************************************************************
