Selected Best Function: 4, x0**(x0/(x0 + x0))
Train MSE: 0.00012871116250719796
Train NMSE: 2.62152813168622e-05
Test MSE: 0.00010893483455070743
Test NMSE: 1.924374144678354e-05
***************************************************************
Train Residuals: [0.01664663 0.01958106 0.00014937 0.00427269 0.00139776 0.01138041
 0.0055804  0.0085201  0.0064612  0.01557799 0.00710175 0.01555119
 0.01071202 0.01257082 0.00388782 0.00274283 0.01227572 0.01352758
 0.00836309 0.02366424 0.01055121 0.00492779 0.00305646 0.01562697
 0.00719093 0.00638906 0.00618863 0.00055279 0.01056288 0.00795285
 0.00806873 0.00706507 0.00543397 0.01715327 0.00202669 0.01901918
 0.01239777 0.00248397 0.02132013 0.01107092 0.01112052 0.00301926
 0.01336983 0.01940989 0.0023631  0.00149421 0.00918455 0.01469254
 0.00264044 0.00886525 0.01238396 0.01301854 0.01068742 0.00689094
 0.005686   0.01492207 0.00344452 0.00223599 0.02044169 0.0044883
 0.00744253 0.00086242 0.01247348 0.01050882 0.01542673 0.02082571
 0.01498031 0.00092965 0.00885912 0.01196114 0.00815215 0.00740127
 0.01931261 0.00742865 0.01291626 0.02155473 0.01386557 0.01203237
 0.00780503 0.00382921]
***************************************************************
Test Residuals: [0.01330452 0.00418374 0.00312036 0.00204088 0.00095494 0.00788209
 0.0130955  0.01329265 0.01580208 0.00141537 0.00427611 0.00079096
 0.01072607 0.00353129 0.01769705 0.01785    0.00667408 0.01954629
 0.0029279  0.00969201]
***************************************************************
