Selected Best Function: 7, x0*(x0 + x0*x0)*(x0*x0*x0 + x0)
Train MSE: 18697317.026193593
Train NMSE: 3.769559722811132e-16
Test MSE: 15133004.894942844
Test NMSE: 3.7759078132096094e-16
***************************************************************
Train Residuals: [ 1153.42520547  5788.06243896  4890.99420166  6811.83355713
  4070.17327881 10098.37268066  5823.76425171  1052.31354904
  4731.56730652   532.25882423  2132.8342514   1393.58731318
  7483.21728516   899.90955651  2164.36885262   221.67420385
  3338.35594177  5035.80709839 10052.07312012   266.59744697
  2822.71482468   212.37012041  8485.15087891  5073.6231842
  6403.00576782  1810.25651741  2149.14454842  1530.95193958
    76.8634043   1574.38757563  8763.38989258  3273.96452332
  4965.41294861  9531.01501465  1454.81461477   138.10002447
  4535.66261292  2494.85106659  7792.08233643    48.35123011
  6207.89871216  2237.34213638  1594.50191975  3175.58550644
  1619.41295576  2172.52568817  2571.24573898  5617.71398926
   111.71324129  5054.70248413  4173.3288269   5540.51675415
  1426.4866643   5260.57226562  2596.64409447   734.21163577
  1958.25130272  4488.21290588  3519.70838928  4654.3119812
  1378.40542316   517.65245301  5276.85549927  6346.18511963
   242.5264866   8822.39648438  3096.73329544   560.70658472
  6960.62640381  3443.71350861  3236.59408569   567.7499111
    10.24065968   481.17718907   101.86099707   216.58351824
   490.83123189   395.04562232   170.42452826  7504.41333008]
***************************************************************
Test Residuals: [3955.80728149  834.09391105 1483.16033506 1035.72024441 4061.05239868
 3680.50450134  353.17268928 1093.31140256  103.86314726 5306.29977417
 2874.87462997 1731.89830971 1944.61918831 2506.52051926 8168.91705322
 6025.52084351 9319.6907959  3411.58294678  310.591263    747.59192598]
***************************************************************
