Selected Best Function: 7, x0*(x0*x0 + x0)*(x0*x0*x0 + x0)
Train MSE: 22359599.47391683
Train NMSE: 3.4809111653320407e-16
Test MSE: 17150975.242555603
Test NMSE: 3.5936430049291964e-16
***************************************************************
Train Residuals: [6.68659515e+03 1.23284398e+03 1.53737594e+03 8.20062482e+03
 3.60728500e+03 4.94754720e+01 1.01848855e+03 7.80533289e+03
 3.50657702e+01 1.85054156e+02 3.86583764e+03 5.40460464e+03
 6.77831414e+01 1.95381999e+02 7.87544531e+03 3.99754879e+01
 7.89456378e+03 5.87218173e+03 7.34827721e+01 3.45208621e+03
 6.30676321e+03 2.05318467e+01 2.69918482e+01 7.38575262e+03
 2.05196094e+02 9.07190747e+03 6.89493597e+03 3.84611382e+03
 1.03555222e+03 7.64107739e+03 4.19784618e+03 4.03379685e+03
 6.14484003e+03 3.17302664e+01 7.88818806e+02 8.25783423e+03
 3.48472512e+03 5.55303447e+02 3.44020566e+03 1.58849877e+03
 1.99791654e+03 7.14296885e+02 1.97390462e+02 4.08119804e+02
 7.22593976e+03 7.92594849e+02 1.57728860e+03 7.79950970e+03
 7.65824030e+03 1.18059588e+03 6.94111499e+03 9.15181445e+03
 1.20811405e+02 1.23771673e+03 1.00103389e+04 1.49509596e+03
 1.69336491e+03 5.66246165e+01 2.44414312e+03 5.81471188e+03
 3.09063486e+03 2.59008430e+01 3.73256525e+03 1.33793037e+03
 8.90936291e+02 1.42893131e+02 1.59098314e+03 8.28114575e+03
 9.28622706e+02 3.31356659e+03 1.63447509e+03 9.36522119e+03
 2.91915496e+03 8.42080841e+02 4.05678329e+03 6.44535205e+00
 8.76374072e+03 6.67254475e+01 1.00277720e+04 7.43400421e+03]
***************************************************************
Test Residuals: [1.07522346e+03 2.82975960e+03 2.99183876e+03 4.74556299e+03
 9.63147162e+02 1.27321184e+02 7.54510097e+00 3.25100824e+03
 1.92150591e+03 8.78811603e+01 7.98924805e+03 9.19712158e+03
 5.22400345e+03 2.34854102e+03 1.85966565e+03 2.21992037e+03
 7.31371103e+02 5.01761055e+03 8.45806445e+03 5.60309665e+02]
***************************************************************
