Equation: x1
Residuals:
648.2484 675.821 694.981 882.9214 889.3456 988.5656 1050.1846 1086.2600000000002 1101.9012 1224.3216 1452.4218999999998 1627.9648 1776.2939 1914.0113 2087.2212000000004 2413.4092 2776.6766 2963.8303 2984.38 3313.0445

Equation: x4 ^ x1
Residuals:
620.0309973685933 641.8704734062143 652.182490409359 828.1940855388375 818.4365178612074 903.7286654877955 938.3256768801662 946.2200992980386 921.2374282456443 1001.7824678604322 1163.1556221374913 1278.0141498245048 1323.3321032601232 1280.2225939122993 1334.960358664087 1416.4912020023405 1483.3082592163362 1382.0287334646623 746.4886790317664 715.8854586728266

Equation: x4 * (x1 ^ x3)
Residuals:
559.9981686471615 562.3627087216074 548.2759430157545 698.7752169068375 645.1258395010345 672.1365027572147 616.5636893489457 543.6116562814434 441.2775586237693 285.3196740540982 358.4779515450675 92.00250301989217 145.19650622569338 669.8492495421358 1243.9095703149578 2202.557868680106 3504.3899919533615 4984.952099271475 6875.362313624077 10398.881284711559

Equation: x4 - -1536.0543772077333
Residuals:
887.8499772077334 860.3194772077333 841.0455772077332 653.1778772077332 646.6694772077333 547.5624772077333 485.86157720773326 449.7073772077331 434.1150772077333 311.65017720773335 83.67427720773344 91.88162279226663 240.15462279226654 377.9276227922667 551.101922792267 877.3896227922669 1240.6666227922665 1427.7108227922668 1448.345622792267 1776.9439227922667

Equation: cos(x3) - -1540.6195702317407
Residuals:
888.3277873840213 860.6894851346502 841.381350253986 653.3816426176234 646.8298179549001 547.6366875868689 485.9148082861934 449.7435039557149 434.0507732553408 311.638441146142 83.51014479491073 91.97919328959824 240.32485339539107 378.1292243370176 551.2790285274627 877.513109705726 1240.769510850058 1427.8503825370672 1448.548548521673 1777.0730766687782

Equation: (x3 / x3) - -1539.0505272076966
Residuals:
888.7532272076967 861.1200272076966 841.8070272076966 653.7941272076966 647.2208272076966 547.9744272076966 486.2020272076966 449.9975272076965 434.2712272076967 311.74522720769664 83.58912720769672 92.03737279230336 240.44897279230327 378.32457279230334 551.5889727923036 877.9286727923036 1241.3023727923032 1428.4919727923034 1449.2094727923036 1777.9058727923034

Equation: (0.01623453570080852 / x3) - -1540.046317305051
Residuals:
888.754363768315 861.1209379635485 841.8078211688473 653.7947865458359 647.2213570387019 547.9747561486265 486.20222359527475 449.9976516001441 434.2712868547303 311.745106299762 83.58896844436845 92.03769530073873 240.4493639722757 378.325032859937 551.5895347306096 877.9293211619872 1241.3031109581325 1428.4927898975193 1449.2103035975176 1777.9068222897313

Equation: 1540.0730666415325 - (x2 / (43.92361270047381 * x4))
Residuals:
888.7530005800361 861.1200969322648 841.8065605416471 653.7944326566508 647.2206203319404 547.9742296982838 486.20209503944193 449.99673528141716 434.27095004156763 311.7445609771614 83.58899969586628 92.0376911815788 240.4488271212483 378.32432648478266 551.5890798016055 877.9290311786015 1241.3024453267 1428.4919490078757 1449.2096312935269 1777.906241125524

Equation: ((x3 / x3) + (-0.2016531924690498 / x4)) - -1539.1022263324744
Residuals:
888.7397275893954 861.1086229426668 841.7963857158888 653.7861638594813 647.2139878999183 547.9698646304296 486.1985650247989 449.9948137063359 434.270412480269 311.7452349653038 83.59141727348128 92.03424256187986 240.44427359584824 378.31877592162164 551.5822534124557 877.9214376806826 1241.294209407172 1428.4824843707406 1449.1992660939597 1777.8948451328993

Equation: ((x3 / x3) + sin(-0.20165320646408663 / x4)) - -1539.1022263360624
Residuals:
888.7397737706144 861.1086648135605 841.7964260869146 653.7861992484995 647.2140213264665 547.9698943070246 486.19859299416976 449.9948405523962 434.27043661317225 311.7452579821006 83.5914373745436 92.03422346874618 240.4442562936756 378.31875980344284 551.5822382465194 877.9214230303742 1241.2941956552515 1428.482471836422 1449.1992541885652 1777.8948339201522

Equation: ((-0.06104962015398297 / x3) + (-0.2233193180857314 / x4)) - -1540.1236122641862
Residuals:
888.7340031449553 861.1039727621829 841.7922566936229 653.7828288306125 647.2112606495527 547.9681374404904 486.19745452800544 449.9940543858986 434.2701006426007 311.74569047054524 83.59226035003508 92.03269345599438 240.4422976784822 378.3164230168195 551.5794183084924 877.9182221418771 1241.2905564558662 1428.4783922043362 1449.1950452355477 1777.8900897288665

Equation: ((0.008612693504231418 * x4) + 1540.0315757713536) - (0.22980527055946218 / (x2 * x4))
Residuals:
888.7368901397815 861.1057971923718 841.7942006879914 653.7836872511718 647.2121616902416 547.9684333337059 486.1971396447482 449.99416723859804 434.2697978641288 311.7450600193731 83.59146967207971 92.03384320574742 240.4436631451781 378.3178482304497 551.5808061851633 877.9196729394591 1241.292215722751 1428.4799603234235 1449.1963254871139 1777.891412336681

Equation: x0
Residuals:
662.8189 750.5122 758.3594999999999 763.2102 960.6925 967.2344 979.553 1029.1651 1186.0791 1344.6122 1524.8576 1644.336 1879.2314000000001 1883.3672000000001 2205.453 2512.914 2523.7476 2643.2094 2942.1772 3109.5766

Equation: x2 ^ x2
Residuals:
638.5327129593136 713.1147227175823 715.0368453610461 707.3459127327801 897.6814891857065 873.2297083514429 871.8911447062305 893.554812434964 1024.7065394323959 1146.1503439485743 1215.6986737406014 1249.873466341087 1457.7893549634787 1320.8196931320695 1521.2935011319646 1555.8237838825476 1373.2964108732208 996.9939280384183 945.1031735430427 650.566536735892

Equation: x0 + (x3 ^ x3)
Residuals:
632.4489028906594 714.2288588727085 709.5126682037945 703.5599596068117 895.1682100501221 885.9489802735 861.4055500417796 878.6575970398246 1013.3295975222986 1116.5770037430057 1261.8564204887823 1255.6910625643857 1439.4166404453317 1293.0294140333385 1360.6818154691832 1550.743928511457 1380.8314253572382 924.0797568983037 792.084405185346 681.0958650179164

Equation: (x0 - cos(x2)) ^ x3
Residuals:
595.7355989655517 667.3287625629088 649.9485686274231 626.3716256973566 807.5954608733896 780.2417485987021 735.930512885878 712.4485749778526 830.1184106764969 897.6126336938556 1043.6773575976913 1047.0832520116355 1186.7374462865964 1010.6974902564538 1101.79268444717 1315.9214425273021 1194.1525278493002 1021.6818252424491 1006.274927620505 1012.2788209345413

Equation: 1391.1749074788172 - cos(x3)
Residuals:
726.3249295458578 638.5240048506881 630.5832078212395 625.5744211440958 428.0073814789133 421.3071782580904 408.873868174035 359.029700412234 202.00521037794533 43.281845435496734 137.12304231795224 256.77712395244794 491.81686532602976 496.21557284814617 818.5225743080648 1126.1641531534465 1137.1353903175564 1256.845373467654 1556.0154114363793 1723.5469514047172

Equation: 1.849430778784291e6 * 0.0007549813178441614
Residuals:
730.4393866281176 642.6347866281177 634.7030866281177 629.7105866281177 432.1538866281177 425.4835866281177 413.1210866281177 363.33428662811775 206.34608662811775 47.70298662811774 132.6573133718823 252.1796133718824 487.1751133718824 491.4648133718824 813.6340133718822 1121.2247133718824 1132.1283133718825 1251.6781133718823 1550.7616133718825 1718.2467133718824

Equation: (cos(x4) / (x3 ^ x4)) + 1396.2908038971427
Residuals:
730.4122015082818 642.6119838653643 634.6875517709866 629.698992645767 432.1444638118122 425.47787989419123 413.1188311999198 363.3338518587484 206.34681554913118 47.70524949590936 132.65457374687776 252.17575659522868 487.17087844255684 491.46026893272665 813.6291642870242 1121.2197600260977 1132.123273469102 1251.6729654340668 1550.7564285257745 1718.2415165634368

Equation: ((x4 + 50440.590119538225) / 2.9505563846262866e6) * (81670.94097849927 + sin(x4))
Residuals:
730.4275824745572 642.6235888599532 634.6933237882708 629.7017838098825 432.14581568866527 425.4769552864003 413.1159826273373 363.3304012170847 206.343384181361 47.70234698981426 132.6571563222567 252.1764955048518 487.17019905848156 491.4582023095668 813.6245376111674 1121.2136212110993 1132.1154158246513 1251.6613095093317 1550.7420451755042 1718.2256277230147

Equation: (-0.9789337033326957 * cos(x4)) + (cos(x4) - (-740.8035512181063 - 655.492950233608))
Residuals:
730.4291880700431 642.6245371298631 634.6929902203453 629.7007984338429 432.14443306397254 425.4750030935728 413.11366075472745 363.3279024450637 206.34077830703154 47.699637370006485 132.6598932222371 252.17934063862413 487.17314531576017 491.46128322881896 813.6279476180732 1121.217277438664 1132.1194001175352 1251.6661949476093 1550.7477231338385 1718.231793646012

Equation: (((39823.4258027292 + 26888.71783096072) + cos(x4)) / 3.5354197905761604e6) * 73997.04915668847
Residuals:
730.431441553494 642.6267909424035 634.6952430438726 629.7030492662125 432.14668173452435 425.4772461434551 413.1158963257486 363.33013128643233 206.3430001979882 47.701846604790035 132.65768895807378 252.17715480306288 487.1709704325267 491.45911843716635 813.6257992072767 1121.2151378796646 1132.1172701025025 1251.664084346935 1550.7456252717113 1718.2297024347051

Equation: sin(0.018842025332663614 * cos(x4)) + (cos(x4 - x4) - (-740.3039647097945 - 654.9933637253014))
Residuals:
730.4322348442528 642.627589290625 634.696026193023 629.7038018164892 432.14740106491706 425.47787911054945 413.11641439407015 363.330545981157 206.34330814205418 47.701960197678545 132.65765168426356 252.1774004357237 487.1713841695762 491.4596870510461 813.6266191944508 1121.2160936927228 1132.118372357372 1251.665484487353 1550.747220869575 1718.2314000843355

Equation: x3
Residuals:
577.7658 582.8962 664.2594 684.2406 725.1151 832.3077999999999 1160.4423 1286.13 1452.2207 1455.8491 1505.5664 1706.8789000000002 1779.5865999999999 1891.6939 2115.5240999999996 2178.8912 2643.4676 2661.8636 2801.2158000000004 3270.8742

Equation: x3 ^ x3
Residuals:
548.668035683681 546.9687509678827 617.2049430757199 635.6755507303589 656.9360043725868 755.2899107476604 1055.9915405386714 1142.7808517870576 1266.1923435290234 1226.4599925866428 1197.7586472636347 1344.8963932710167 1254.7177381365968 1290.4990336376663 1362.1358080501564 1194.0424383733848 1469.952153631477 1176.7349748178449 936.4423125017179 689.4213921428432

Equation: (x3 ^ x0) * x1
Residuals:
485.4145122397096 468.7032466023937 512.4706498768305 509.2561630220017 480.6003723106516 521.6772652687948 739.2308778668295 755.4731868510229 764.2056789144644 603.3764964920213 252.0134592563595 213.82544744717484 284.27576340071187 553.8393142403288 1056.5780110692563 2631.1302936311204 3215.7451643458317 4306.934220684351 7092.924625827212 10805.789863909959

Equation: x0 - -1549.6901968255277
Residuals:
971.8863968255278 966.7565968255277 885.3930968255277 865.4746968255276 824.5881968255277 717.4596968255277 389.30179682552784 263.5399968255276 97.4309968255277 93.79399682552776 44.114496825527794 157.2049031744723 229.95470317447212 342.0513031744722 565.8763031744722 629.1577031744723 1093.7383031744723 1112.1833031744725 1251.4691031744724 1721.1291031744722

Equation: sin(x2) - -1554.265868730633
Residuals:
973.4681390271589 968.2246572804778 886.5976399806505 866.4971805265211 825.4006777851388 718.0486015696587 389.68897404583026 263.81343883769523 97.49128259805684 93.75295304047677 43.803300092751215 157.60951690411707 230.51746315384162 342.70330173533284 566.6798818366751 630.1668348450598 1094.821451680895 1113.3105554897222 1252.7407299442946 1722.5111098958748

Equation: (x4 - x4) - -1553.656121825557
Residuals:
972.807221825557 967.585821825557 886.106321825557 866.111521825557 825.091421825557 717.846621825557 389.582521825557 263.76122182555696 97.56142182555686 93.84592182555707 44.00732182555703 157.37157817444313 230.23017817444293 342.39217817444296 566.3127781744429 629.7863781744431 1094.431978174443 1112.9203781744432 1252.3612781744432 1722.145378174443

Equation: (x4 / 135.40396298163185) - -1553.6264892426511
Residuals:
972.8000346713748 967.5791161934702 886.1007180814559 866.1065679885787 825.0874007530059 717.843348884728 389.5799696908098 263.7595559277954 97.56026182140795 93.84520937108596 44.00783090106438 157.37068210878533 230.2286550961178 342.3893316488859 566.3098629655194 629.7822022934074 1094.4272550420687 1112.9151971529595 1252.3553534524226 1722.13877695819

Equation: (x4 / (x3 + (71.41616772308204 + x4))) - -1553.6056475644664
Residuals:
972.7959435930861 967.5753039744876 886.097581697358 866.1038546914053 825.0852184393124 717.841622572051 389.5786312411756 263.7587012462509 97.55965913457771 93.84483265163658 44.00813314858169 157.37018582197425 230.22787670411049 342.3877953874869 566.3083476630004 629.7800173149933 1094.4247999064173 1112.9125430966665 1252.3523366719903 1722.1354681885884

Equation: ((x4 + x4) / (144.34931179653202 + sin(x4))) - -1553.6001805618223
Residuals:
972.793359729721 967.5728818131673 886.0954950311032 866.101943174014 825.0836362203814 717.840275302459 389.57756218207487 263.75796722707355 97.55914017178725 93.84450054130798 44.00824617738476 157.36991176473862 230.22731082017253 342.38678262600683 566.3072517015721 629.7784543081314 1094.4230172688976 1112.9105514215285 1252.350048906863 1722.132877403392

Equation: (sin(x4 / 219.54803661736938) * 3.085684994276629) - -1553.5996520972765
Residuals:
972.793465821647 967.5729820993419 886.0955788428948 866.1020155182616 825.0836904152392 717.8403139749795 389.57758552885684 263.757971851604 97.55913445374267 93.84448603605847 44.00821030025486 157.3699533615886 230.22736033219076 342.3868422123014 566.3073115297336 629.7785128922606 1094.4230716679788 1112.9106004738928 1252.3500854973681 1722.132898400988

Equation: x3
Residuals:
511.3952 588.6006 786.1305 836.3937 952.8075 995.0899000000001 1167.4501 1198.489 1339.9958 1486.0706 1517.2102 1629.0686 1685.6551 2047.0512999999999 2174.2632000000003 2450.7554 2511.9285999999997 2668.1807 2959.8896 3113.8680999999997

Equation: x2 ^ x2
Residuals:
485.3104512882418 558.2765793063419 744.3634243824227 786.9907144966438 878.4204794922294 898.2656479865622 1051.0529641055812 1045.4536452510436 1170.9499597561291 1247.9173731695312 1225.2481829058852 1233.9391203262862 1231.5502110047805 1413.2820299713737 1325.1882262077397 1488.0512357126804 1247.697705970837 1095.0147573287097 569.3806601592883 306.05163124717

Equation: x4 + (x2 ^ x2)
Residuals:
482.2293512882418 555.1185793063419 741.1115243824228 783.6008144966438 874.9260794922295 894.6888479865622 1047.3853641055812 1041.6578452510435 1167.0670597561293 1243.9545731695312 1221.246482905885 1229.8158203262863 1227.3227110047803 1408.8993299713738 1320.6960262077396 1483.4766357126803 1243.018705970837 1090.2282573287098 564.5319601592882 301.13863124717

Equation: 1420.542879700665 + x4
Residuals:
909.1637797006649 831.9292797006649 634.420679700665 584.176779700665 467.7531797006651 425.46217970066505 253.1467797006651 222.1485797006651 80.56427970066511 65.52522029933493 96.66932029933491 208.54372029933506 265.131820299335 626.508520299335 753.6345202993352 1030.1953202993352 1091.400620299335 1247.6017202993348 1539.370620299335 1693.3851202993349

Equation: 1425.0817335517013 + cos(x4)
Residuals:
909.6233626743833 832.3102681491898 634.7137112406563 584.3564037489945 467.8592271722051 425.5174509068295 253.1532149441564 222.09810302052506 80.48264715167966 65.63050441227597 96.78452256102514 208.68377023718062 265.286576588602 626.6761152232996 753.8062804929571 1030.3684198366502 1091.574149225223 1247.775323251816 1539.5445771622467 1693.5599983147235

Equation: x4 + (1424.4885797006648 - x4)
Residuals:
910.0283797006648 832.7169797006648 635.1144797006648 584.7325797006648 468.2044797006648 425.83107970066476 253.42487970066486 222.29847970066476 80.62707970066481 65.54232029933519 96.72532029933518 208.72132029933528 265.4136202993352 626.9455202993352 754.1810202993354 1030.8242202993354 1092.1339202993352 1248.442520299335 1540.2736202993353 1694.352420299335

Equation: cos(cos(x4) / x4) + 1423.5086971766893
Residuals:
909.996477640803 832.6873924323068 635.0882506733758 584.7120923037702 468.1887549395932 425.81923327497816 253.41732502624222 222.2968246732246 80.62920941684001 65.53694700779329 96.71846114071786 208.71026752081366 265.3995749366575 626.9281299498489 754.1620845781877 1030.8045535464773 1092.1138282744362 1248.422522468581 1540.2538955237467 1694.3331252413818

Equation: (cos(x4) / (x4 * x4)) + 1424.535631880966
Residuals:
909.9702857475654 832.6637742842763 635.0675426544763 584.6952794133721 468.17468155424956 425.80725348415376 253.40763926494378 222.2904565649178 80.62521029941377 65.53865498495884 96.71900574174174 208.706947613578 265.39264894364806 626.9153229595004 754.1447914862711 1030.7837315833158 1092.0883929312756 1248.3922362851295 1540.220788029196 1694.2971126011078

Equation: (sin(cos(x4)) / (x4 * x4)) + 1424.5298178186172
Residuals:
909.9810825179572 832.6738498961167 635.076456988598 584.7020680677875 468.1796603035076 425.8107611588148 253.40954498387305 222.29024329354456 80.62371295766457 65.54118925567741 96.72199122605957 208.71110610118444 265.3975288309889 626.9208441258841 754.1505196994076 1030.7895250274548 1092.0942067104293 1248.3980532997007 1540.2266198642192 1694.3029811898152

Equation: 1424.5336398619365 + (cos(x4) / ((x4 * x4) - cos(x2)))
Residuals:
909.9782640199769 832.6709125075618 635.0736355043719 584.6999503529877 468.17818812581424 425.80990638014964 253.40951121709486 222.2913472092166 80.62559434033392 65.53886867495248 96.7195109065201 208.7079992887177 265.3939947908334 626.917029909828 754.146667716805 1030.7856709390198 1092.0903806063477 1248.3942250551806 1540.2227343905497 1694.2990200705894

Equation: 1424.5320988182418 + (cos(x4) / ((x4 * x4) + (x0 / x2)))
Residuals:
909.9769114439541 832.6694550405953 635.0720903023487 584.6986396116052 468.1768690477646 425.808850481779 253.4085120678867 222.2905019961429 80.62475984446132 65.5396360509153 96.72016560282441 208.70867650020796 265.3948013303459 626.9180297516814 754.1478209894108 1030.7869617490005 1092.0918589744865 1248.3959042075746 1540.2245535913542 1694.30097097964

Equation: cos(cos(x4) / (1.789887089373286 / 0.7408992882036676)) + 1423.5299522019614
Residuals:
909.9856011385248 832.6739192747598 635.0724058546755 584.694529289537 468.17135304437 425.8028314696742 253.402858766362 222.28638886454678 80.6222048739005 65.54045549027387 96.7201859426741 208.70627789043692 265.3908030358855 626.9131138922762 754.1437319544741 1030.7844636398818 1092.092643269836 1248.4016174470466 1540.2338293847602 1694.3144477012045

Equation: x0
Residuals:
483.9707 695.0822999999999 738.2352 889.4506 938.1564 1036.5413999999998 1092.0093 1207.7654 1216.066 1356.2598 1365.4696000000001 1565.7613 1606.8127 2107.1605999999997 2151.7575 2189.21 2471.2635 2521.8413 2896.3208 3442.0275

Equation: x3 ^ x3
Residuals:
454.3428316618563 659.3034212764262 699.3811415481284 838.8803836213436 873.3461492510073 952.101025873622 988.4844569933804 1063.9071279183338 1059.7043836200392 1114.286487429927 1050.3765761939176 1227.1365295678797 1152.8057557007783 1567.0636441096715 1311.2130707791027 1310.0827067907967 1303.0935370570687 1021.8787729720163 853.8525238460529 846.4880168103714

Equation: (x0 ^ x2) * x1
Residuals:
395.27420736949557 582.3157290372901 594.5085469120373 682.6225602814128 697.6890772566765 734.3160429214709 673.7359118869985 695.7431980650982 570.2605536022095 394.5089267052881 315.20694618776247 56.78769775748174 361.47010444978105 477.0294483933508 964.0757462708357 2259.7716917274784 3433.1880924417674 5074.994059713632 7946.89308054506 10382.445611008217

Equation: 1500.1658887914532 - x1
Residuals:
1010.142088791453 798.7986887914533 755.4573887914532 603.9359887914532 555.1387887914533 456.49688879145333 400.81608879145324 284.9525887914533 276.4571887914533 136.01628879145323 126.63378879145307 73.85341120854673 115.09371120854667 615.7376112085467 660.4550112085469 698.1459112085467 980.3187112085466 1031.175211208547 1405.7960112085466 1951.7786112085469

Equation: sin(x2) - -1496.9504897970608
Residuals:
1010.0240669664959 798.7006821485579 755.3755183894455 603.877226345252 555.0618265608167 456.49617277427546 400.7850769125505 284.8830268991137 276.43108223999116 135.9643346261439 126.70882073815892 73.77483146223585 114.99518310254052 615.5224488201925 660.1969884909756 697.8248319247318 979.924823866116 1030.6643506783553 1405.1901673847447 1951.02309868814

Equation: (x4 - x4) - -1496.3039762915867
Residuals:
1009.3322762915866 798.0419762915867 754.8410762915867 603.4732762915867 554.7355762915867 456.2085762915867 400.6244762915867 284.8029762915867 276.42357629158664 136.06877629158657 126.82067629158655 73.56122370841331 114.74172370841325 615.2454237084132 659.8916237084134 697.4882237084132 979.5718237084131 1030.3109237084134 1404.8540237084133 1950.6971237084133

Equation: 1496.2505866329582 + (0.01342293964499924 * x4)
Residuals:
1009.3194749178567 798.0303856670128 754.8313004484528 603.4654521438772 554.7284944324396 456.20341659739665 400.6200145902583 284.7999535293882 276.4214797122236 136.0683441567396 126.8217421568038 73.55907326967258 114.73849540761898 615.2400611602154 659.8854423608973 697.4809846332532 979.5630718679552 1030.3009960184424 1404.842334928761 1950.6839745129275

Equation: ((x4 * 1.0134229395699457) - x4) - -1496.2505866332383
Residuals:
1009.3194749179099 798.0303856670591 754.831300448489 603.4654521439024 554.7284944324607 456.2034165974071 400.62001459026465 284.7999535293866 276.421479712217 136.06834415672347 126.82174215677946 73.55907326970305 114.73849540765559 615.2400611602638 659.8854423609503 697.4809846333121 979.5630718680225 1030.3009960185163 1404.8423349288446 1950.6839745130194

Equation: (((x4 - -0.08500250623184857) - x4) * (cos(x4) / x3)) - -1496.3159386516702
Residuals:
1009.3169168371169 798.0271544662703 754.8266956933987 603.4604647670083 554.7239099347095 456.19893897865813 400.6159150896426 284.79644897374646 276.4181473566007 136.0659276085812 126.81997631415629 73.56047210457064 114.73927164528163 615.2399506734912 659.884792838229 697.4799272725247 979.5613850900211 1030.2988764503073 1404.8396802274979 1950.6809835449176

Equation: x0
Residuals:
535.2713 544.7809 607.1084 630.394 980.3802 1012.5714 1141.7272 1163.3597 1280.4571 1353.2520000000002 1453.1517000000001 1510.5034 1666.1613 1700.0058 2317.6072999999997 2486.5197 2745.0155 2916.9248000000002 2938.7124 3214.5177000000003

Equation: x4 ^ x4
Residuals:
509.5981759915504 511.689413601977 559.4495875206401 580.6554501745248 910.3878509236534 918.5045867267442 1019.8697098314946 1027.9232820547818 1087.8535680466641 1139.1550307072127 1189.9782573367966 1112.6326809888994 1252.4236471694253 1122.800778738108 1532.3704257071995 1430.9969445385475 1350.3409252426952 1420.7351997917838 989.4735237349562 582.1999147266542

Equation: (x0 ^ x4) * x3
Residuals:
448.7987741608147 430.689265580819 453.2427158392562 459.8565270782128 729.3072317189896 692.4516889510696 696.896552269664 612.8583760699823 511.3635305019503 442.0871518117124 394.0966712653949 65.49255271755351 145.50489303452946 734.8592933625866 1040.4558737037792 2292.32113273933 3517.7356142627646 4168.329345836836 6832.5172830034535 9493.91179008302

Equation: x1 / 0.0026927308361200442
Residuals:
589.4874726099403 629.9919501536004 610.493208718732 611.1331238988836 296.2397562610565 307.20424800981243 209.84428555614454 241.0403766504105 128.8191373843738 93.0289207666824 52.570490431423195 23.027029774262473 75.31413668314599 97.36129015427832 651.2768891024202 802.9433635539513 1010.2143013574043 1155.8094168714792 1132.248866878158 1370.5919762714198

Equation: (1417.2067422685677 + x2) - x2
Residuals:
878.8800422685678 869.2495422685678 806.8575422685677 783.5069422685677 433.37054226856776 401.1075422685677 271.8097422685678 250.04844226856767 132.8508422685677 59.96074226856763 39.954057731432385 97.42455773143229 253.17955773143217 287.1105577314322 904.8275577314321 1073.8741577314322 1332.4684577314324 1504.4308577314323 1526.3631577314322 1802.2146577314325

Equation: (x1 + 1415.2852488952815) - cos(x1)
Residuals:
880.9899736231658 871.4994896628117 809.2128378232381 785.9153948134732 435.8497035087703 403.66174031674507 274.4114103295792 252.71474665436426 135.52236266644036 62.66679501698877 37.20738467544629 94.66432968527238 250.40066754909708 284.3291241570885 902.0382801499063 1071.0840329675443 1329.6775659778914 1501.6399493212652 1523.5715143056498 1799.4206359662942

Equation: (x3 - -35459.516398349246) / 24.977001514335324
Residuals:
881.4815735429967 871.8542364526819 809.4680538042929 786.1192034138277 435.9898939366792 403.7283632883938 274.43660084257795 252.67894419424078 135.48666508914175 62.59875510382267 37.31341047266733 94.7775446164651 250.5293977215124 284.45815966263376 902.171163986854 1071.2103651804002 1329.8039805505825 1501.7612238066904 1523.6904930185488 1799.5355951328818

Equation: (x3 + (50085.2779149944 + x4)) / 35.28075371339291
Residuals:
881.4656553991209 871.8405010899056 809.4570496601106 786.1082211642146 435.9809961382707 403.72260204894144 274.4321885124541 252.6747376365713 135.4850796437711 62.59778003745873 37.31273717421914 94.77392898305425 250.52624763444214 284.4518452555262 902.162521694476 1071.2005561178319 1329.791264924712 1501.7492347472485 1523.6764696627138 1799.5201523694034

Equation: (58976.22367514993 - -34284.21778030187) / 65.6835879337737
Residuals:
881.517196918098 871.886696918098 809.4946969180979 786.144096918098 436.00769691809796 403.74469691809793 274.446896918098 252.68559691809787 135.4879969180979 62.59789691809783 37.31690308190218 94.78740308190208 250.54240308190197 284.473403081902 902.1904030819019 1071.237003081902 1329.8313030819022 1501.793703081902 1523.726003081902 1799.5775030819023

Equation: 1419.840456754613 - ((0.025429788265386093 / x1) * sin(sin(x1)))
Residuals:
881.5128832924953 871.8834996605977 809.4923767097767 786.142229753363 436.00644111131373 403.74409700432113 274.44671272349046 252.68597344643172 135.488418094194 62.598609429829594 37.31586536186114 94.78626625029233 250.54115368109115 284.4721438877382 902.1891574296235 1071.2357781905152 1329.830175929296 1501.7926455678448 1523.7250946524803 1799.5767447021638

Equation: (cos(x4) + (42123.607355309665 - -31156.284596562113)) / 51.61081881246959
Residuals:
881.5092939597238 871.878672421262 809.4869010931487 786.1363602793775 436.00065113914184 403.738559416906 274.441778690815 252.6809523256536 135.48513032149503 62.595624461499256 37.31795221899392 94.78576474243232 250.5404952632257 284.4691376557025 902.1838659427929 1071.2282344758837 1329.8204185541372 1501.7822857653853 1523.712593948516 1799.5618779096217

Equation: x2
Residuals:
568.2376 590.2281 690.2485 750.5899000000001 756.2079 774.207 893.8087 1229.0344 1250.2178 1352.4451999999999 1678.084 1760.3024 1844.8975 1955.0964 2096.8744 2201.0260000000003 2780.3007 2934.7366 2946.666 3348.5581

Equation: x2 ^ x2
Residuals:
540.7137335566381 552.3245243137784 645.662067094149 700.7324220233244 685.2646755881468 685.9202291894595 781.8212591620863 1087.1107291211165 1062.9360776890996 1147.3656817819203 1365.8966134917994 1400.7921395296146 1339.5347950094424 1357.1822018463163 1305.3430793698321 1292.103406741574 1602.6052138641296 1261.6891216068552 868.0122088944413 657.41331574066

Equation: x2 + (x2 ^ x2)
Residuals:
537.6546335566381 549.1273243137784 642.394867094149 697.4171220233244 681.7980755881467 682.3603291894595 778.1604591620863 1083.3500291211164 1059.0592776890996 1143.4510817819203 1361.8084134917995 1396.6461395296146 1335.2503950094424 1352.8300018463165 1300.878579369832 1287.583906741574 1597.9833138641295 1256.9297216068553 863.1685088944414 652.4700157406601

Equation: x0 ^ (x2 - cos(x1))
Residuals:
475.4635040911264 475.6994367791467 543.2442064734066 581.8659488377755 535.6628648326323 492.0321924931702 557.8072065591448 768.8322072502276 722.757452515389 800.2577008307139 949.3444204162336 1063.8883046433048 896.7757060554931 986.5961578539773 954.4332318448885 1036.244189029447 1476.7595992036913 1327.8864298665699 1117.1557703615686 1526.5640389185692

Equation: 970.6843968547661 - sin(x2)
Residuals:
399.30529773028616 377.3146755476474 277.2939741728113 216.95203193695545 211.32921260244552 193.32371118115884 73.71108895659893 261.5303947276194 282.7394621880684 384.977112051753 710.6763657671221 792.9201590413556 877.5877008987824 987.8283729111878 1129.6850706082323 1233.8796486170036 1813.2422944801347 1967.8127079597207 1979.8339120565088 2381.843544846246

Equation: 1513.894279649714 - (x3 * x3)
Residuals:
933.3851406097141 910.4498555597141 809.793317399714 748.926138439714 742.027112409714 723.579490359714 603.035766839714 267.37215464971405 244.67458083971405 142.00221043971396 185.006020350286 267.42814119028594 352.96459971028594 464.4994471102859 607.4085379602861 712.7110591602861 1292.2223740402858 1448.275507240286 1460.661180710286 1864.455351390286

Equation: 1234.5725500560268 - -263.16164030181227
Residuals:
926.437490357839 904.308890357839 804.218490357839 743.828990357839 738.059690357839 719.967290357839 600.264690357839 264.93909035783895 243.6395903578391 141.37439035783905 184.43800964216098 266.714209642161 351.44770964216104 461.71440964216094 603.6047096421612 707.8113096421612 1287.1884096421609 1441.761809642161 1453.775509642161 1855.767209642161

Equation: 1497.7332609108728 - (x0 * -0.0002338566368129053)
Residuals:
926.4372813997851 904.3086892807538 804.218319097475 743.8288382269478 738.0595569588646 719.9671894883228 600.2646082670107 264.93904844358076 243.63957073011852 141.3743782135307 184.43799821372022 266.71417964550324 351.44763970278973 461.7143213450438 603.6045922532783 707.8111676047888 1287.1882401734051 1441.7616214648742 1453.7752944544327 1855.766976283772

Equation: ((x3 - -1.9776026952202802e6) - x2) / 1320.3962819234184
Residuals:
926.4375017651781 904.3088957063911 804.2185094901316 743.8290280451673 738.0597389509843 719.9673065364731 600.2647185783125 264.93907768149916 243.63962918119 141.3744399355371 184.43797877096813 266.7142090649038 351.44774072206656 461.7143798312559 603.6046774077413 707.8112274227474 1287.1883939179359 1441.761778392294 1453.775512775911 1855.7671487042371

Equation: (1234.5986332124276 + (-0.20202745816927076 / x4)) - -263.1877117477229
Residuals:
926.4224927387214 904.2973038469878 804.2082754065046 743.8203884768806 738.0532404121944 719.9632043671521 600.2609173079153 264.9377631710918 243.63973232996432 141.3755961143711 184.43631774952087 266.7107797964202 351.44352660706454 461.7088148006683 603.5976464286027 707.8033439893388 1287.1795296372939 1441.75217013027 1453.764711735483 1855.7559231585876

Equation: ((0.013921924607758512 * x4) + 1498.4983752593994) - cos(cos(cos(-60.10742121786132)))
Residuals:
926.4241350574056 904.2977764872675 804.2083468454124 743.8200441309287 738.0524439979234 719.962061284799 600.2597411154837 264.93644101742893 243.63842648678474 141.37435555487036 184.43751262760975 266.71172457677585 351.4443182594839 461.7092404297114 603.5975732617646 707.8028994056629 1287.1786545477455 1441.7508934592333 1453.762740451068 1855.753627410671

Equation: ((0.02064461583938214 * cos(x4)) + 309.30230323570066) - (5.337243346080159 * -222.66990385764686)
Residuals:
926.4286039324448 904.2998293950938 804.2095196209738 743.8202683620165 738.0515785584054 719.960282044938 600.2578665054856 264.93405669447156 243.63595691965452 141.37193783367456 184.43987348303426 266.71370646273067 351.4460494966984 461.71036270372815 603.597880507255 707.8026248374597 1287.177739808047 1441.7494185501587 1453.760388208662 1855.7509071993068

Equation: (415.63577543835254 - (-136.83698907964376 * 7.908022515071903)) - (sin(65.99409181257923) * cos(x4))
Residuals:
926.4286039304587 904.2998293930685 804.2095196189688 743.8202683600672 738.0515785565923 719.9602820433716 600.2578665039606 264.93405669334675 243.63595691884257 141.3719378331266 184.43987348345058 266.71370646261767 351.4460494963266 461.710362702823 603.5978805057277 707.8026248355175 1287.177739805661 1441.7494185473881 1453.760388205281 1855.7509071956617

Equation: x1
Residuals:
648.2484 675.821 694.981 882.9214 889.3456 988.5656 1050.1846 1086.2600000000002 1101.9012 1224.3216 1452.4218999999998 1627.9648 1776.2939 1914.0113 2087.2212000000004 2413.4092 2776.6766 2963.8303 2984.38 3313.0445

Equation: x4 ^ x1
Residuals:
620.0309973685933 641.8704734062143 652.182490409359 828.1940855388375 818.4365178612074 903.7286654877955 938.3256768801662 946.2200992980386 921.2374282456443 1001.7824678604322 1163.1556221374913 1278.0141498245048 1323.3321032601232 1280.2225939122993 1334.960358664087 1416.4912020023405 1483.3082592163362 1382.0287334646623 746.4886790317664 715.8854586728266

Equation: x4 * (x1 ^ x3)
Residuals:
559.9981686471615 562.3627087216074 548.2759430157545 698.7752169068375 645.1258395010345 672.1365027572147 616.5636893489457 543.6116562814434 441.2775586237693 285.3196740540982 358.4779515450675 92.00250301989217 145.19650622569338 669.8492495421358 1243.9095703149578 2202.557868680106 3504.3899919533615 4984.952099271475 6875.362313624077 10398.881284711559

Equation: x4 - -1536.0543772077333
Residuals:
887.8499772077334 860.3194772077333 841.0455772077332 653.1778772077332 646.6694772077333 547.5624772077333 485.86157720773326 449.7073772077331 434.1150772077333 311.65017720773335 83.67427720773344 91.88162279226663 240.15462279226654 377.9276227922667 551.101922792267 877.3896227922669 1240.6666227922665 1427.7108227922668 1448.345622792267 1776.9439227922667

Equation: cos(x3) - -1540.6195702317407
Residuals:
888.3277873840213 860.6894851346502 841.381350253986 653.3816426176234 646.8298179549001 547.6366875868689 485.9148082861934 449.7435039557149 434.0507732553408 311.638441146142 83.51014479491073 91.97919328959824 240.32485339539107 378.1292243370176 551.2790285274627 877.513109705726 1240.769510850058 1427.8503825370672 1448.548548521673 1777.0730766687782

Equation: (x3 / x3) - -1539.0505272076966
Residuals:
888.7532272076967 861.1200272076966 841.8070272076966 653.7941272076966 647.2208272076966 547.9744272076966 486.2020272076966 449.9975272076965 434.2712272076967 311.74522720769664 83.58912720769672 92.03737279230336 240.44897279230327 378.32457279230334 551.5889727923036 877.9286727923036 1241.3023727923032 1428.4919727923034 1449.2094727923036 1777.9058727923034

Equation: (0.01623453570080852 / x3) - -1540.046317305051
Residuals:
888.754363768315 861.1209379635485 841.8078211688473 653.7947865458359 647.2213570387019 547.9747561486265 486.20222359527475 449.9976516001441 434.2712868547303 311.745106299762 83.58896844436845 92.03769530073873 240.4493639722757 378.325032859937 551.5895347306096 877.9293211619872 1241.3031109581325 1428.4927898975193 1449.2103035975176 1777.9068222897313

Equation: 1540.0730666415325 - (x2 / (43.92361270047381 * x4))
Residuals:
888.7530005800361 861.1200969322648 841.8065605416471 653.7944326566508 647.2206203319404 547.9742296982838 486.20209503944193 449.99673528141716 434.27095004156763 311.7445609771614 83.58899969586628 92.0376911815788 240.4488271212483 378.32432648478266 551.5890798016055 877.9290311786015 1241.3024453267 1428.4919490078757 1449.2096312935269 1777.906241125524

Equation: ((x3 / x3) + (-0.2016531924690498 / x4)) - -1539.1022263324744
Residuals:
888.7397275893954 861.1086229426668 841.7963857158888 653.7861638594813 647.2139878999183 547.9698646304296 486.1985650247989 449.9948137063359 434.270412480269 311.7452349653038 83.59141727348128 92.03424256187986 240.44427359584824 378.31877592162164 551.5822534124557 877.9214376806826 1241.294209407172 1428.4824843707406 1449.1992660939597 1777.8948451328993

Equation: ((x3 / x3) + sin(-0.20165320646408663 / x4)) - -1539.1022263360624
Residuals:
888.7397737706144 861.1086648135605 841.7964260869146 653.7861992484995 647.2140213264665 547.9698943070246 486.19859299416976 449.9948405523962 434.27043661317225 311.7452579821006 83.5914373745436 92.03422346874618 240.4442562936756 378.31875980344284 551.5822382465194 877.9214230303742 1241.2941956552515 1428.482471836422 1449.1992541885652 1777.8948339201522

Equation: ((-0.06104962015398297 / x3) + (-0.2233193180857314 / x4)) - -1540.1236122641862
Residuals:
888.7340031449553 861.1039727621829 841.7922566936229 653.7828288306125 647.2112606495527 547.9681374404904 486.19745452800544 449.9940543858986 434.2701006426007 311.74569047054524 83.59226035003508 92.03269345599438 240.4422976784822 378.3164230168195 551.5794183084924 877.9182221418771 1241.2905564558662 1428.4783922043362 1449.1950452355477 1777.8900897288665

Equation: ((0.008612693504231418 * x4) + 1540.0315757713536) - (0.22980527055946218 / (x2 * x4))
Residuals:
888.7368901397815 861.1057971923718 841.7942006879914 653.7836872511718 647.2121616902416 547.9684333337059 486.1971396447482 449.99416723859804 434.2697978641288 311.7450600193731 83.59146967207971 92.03384320574742 240.4436631451781 378.3178482304497 551.5808061851633 877.9196729394591 1241.292215722751 1428.4799603234235 1449.1963254871139 1777.891412336681

Equation: x0
Residuals:
662.8189 750.5122 758.3594999999999 763.2102 960.6925 967.2344 979.553 1029.1651 1186.0791 1344.6122 1524.8576 1644.336 1879.2314000000001 1883.3672000000001 2205.453 2512.914 2523.7476 2643.2094 2942.1772 3109.5766

Equation: x2 ^ x2
Residuals:
638.5327129593136 713.1147227175823 715.0368453610461 707.3459127327801 897.6814891857065 873.2297083514429 871.8911447062305 893.554812434964 1024.7065394323959 1146.1503439485743 1215.6986737406014 1249.873466341087 1457.7893549634787 1320.8196931320695 1521.2935011319646 1555.8237838825476 1373.2964108732208 996.9939280384183 945.1031735430427 650.566536735892

Equation: x0 + (x3 ^ x3)
Residuals:
632.4489028906594 714.2288588727085 709.5126682037945 703.5599596068117 895.1682100501221 885.9489802735 861.4055500417796 878.6575970398246 1013.3295975222986 1116.5770037430057 1261.8564204887823 1255.6910625643857 1439.4166404453317 1293.0294140333385 1360.6818154691832 1550.743928511457 1380.8314253572382 924.0797568983037 792.084405185346 681.0958650179164

Equation: (x0 - cos(x2)) ^ x3
Residuals:
595.7355989655517 667.3287625629088 649.9485686274231 626.3716256973566 807.5954608733896 780.2417485987021 735.930512885878 712.4485749778526 830.1184106764969 897.6126336938556 1043.6773575976913 1047.0832520116355 1186.7374462865964 1010.6974902564538 1101.79268444717 1315.9214425273021 1194.1525278493002 1021.6818252424491 1006.274927620505 1012.2788209345413

Equation: 1391.1749074788172 - cos(x3)
Residuals:
726.3249295458578 638.5240048506881 630.5832078212395 625.5744211440958 428.0073814789133 421.3071782580904 408.873868174035 359.029700412234 202.00521037794533 43.281845435496734 137.12304231795224 256.77712395244794 491.81686532602976 496.21557284814617 818.5225743080648 1126.1641531534465 1137.1353903175564 1256.845373467654 1556.0154114363793 1723.5469514047172

Equation: 1.849430778784291e6 * 0.0007549813178441614
Residuals:
730.4393866281176 642.6347866281177 634.7030866281177 629.7105866281177 432.1538866281177 425.4835866281177 413.1210866281177 363.33428662811775 206.34608662811775 47.70298662811774 132.6573133718823 252.1796133718824 487.1751133718824 491.4648133718824 813.6340133718822 1121.2247133718824 1132.1283133718825 1251.6781133718823 1550.7616133718825 1718.2467133718824

Equation: (cos(x4) / (x3 ^ x4)) + 1396.2908038971427
Residuals:
730.4122015082818 642.6119838653643 634.6875517709866 629.698992645767 432.1444638118122 425.47787989419123 413.1188311999198 363.3338518587484 206.34681554913118 47.70524949590936 132.65457374687776 252.17575659522868 487.17087844255684 491.46026893272665 813.6291642870242 1121.2197600260977 1132.123273469102 1251.6729654340668 1550.7564285257745 1718.2415165634368

Equation: ((x4 + 50440.590119538225) / 2.9505563846262866e6) * (81670.94097849927 + sin(x4))
Residuals:
730.4275824745572 642.6235888599532 634.6933237882708 629.7017838098825 432.14581568866527 425.4769552864003 413.1159826273373 363.3304012170847 206.343384181361 47.70234698981426 132.6571563222567 252.1764955048518 487.17019905848156 491.4582023095668 813.6245376111674 1121.2136212110993 1132.1154158246513 1251.6613095093317 1550.7420451755042 1718.2256277230147

Equation: (-0.9789337033326957 * cos(x4)) + (cos(x4) - (-740.8035512181063 - 655.492950233608))
Residuals:
730.4291880700431 642.6245371298631 634.6929902203453 629.7007984338429 432.14443306397254 425.4750030935728 413.11366075472745 363.3279024450637 206.34077830703154 47.699637370006485 132.6598932222371 252.17934063862413 487.17314531576017 491.46128322881896 813.6279476180732 1121.217277438664 1132.1194001175352 1251.6661949476093 1550.7477231338385 1718.231793646012

Equation: (((39823.4258027292 + 26888.71783096072) + cos(x4)) / 3.5354197905761604e6) * 73997.04915668847
Residuals:
730.431441553494 642.6267909424035 634.6952430438726 629.7030492662125 432.14668173452435 425.4772461434551 413.1158963257486 363.33013128643233 206.3430001979882 47.701846604790035 132.65768895807378 252.17715480306288 487.1709704325267 491.45911843716635 813.6257992072767 1121.2151378796646 1132.1172701025025 1251.664084346935 1550.7456252717113 1718.2297024347051

Equation: sin(0.018842025332663614 * cos(x4)) + (cos(x4 - x4) - (-740.3039647097945 - 654.9933637253014))
Residuals:
730.4322348442528 642.627589290625 634.696026193023 629.7038018164892 432.14740106491706 425.47787911054945 413.11641439407015 363.330545981157 206.34330814205418 47.701960197678545 132.65765168426356 252.1774004357237 487.1713841695762 491.4596870510461 813.6266191944508 1121.2160936927228 1132.118372357372 1251.665484487353 1550.747220869575 1718.2314000843355

Equation: x3
Residuals:
577.7658 582.8962 664.2594 684.2406 725.1151 832.3077999999999 1160.4423 1286.13 1452.2207 1455.8491 1505.5664 1706.8789000000002 1779.5865999999999 1891.6939 2115.5240999999996 2178.8912 2643.4676 2661.8636 2801.2158000000004 3270.8742

Equation: x3 ^ x3
Residuals:
548.668035683681 546.9687509678827 617.2049430757199 635.6755507303589 656.9360043725868 755.2899107476604 1055.9915405386714 1142.7808517870576 1266.1923435290234 1226.4599925866428 1197.7586472636347 1344.8963932710167 1254.7177381365968 1290.4990336376663 1362.1358080501564 1194.0424383733848 1469.952153631477 1176.7349748178449 936.4423125017179 689.4213921428432

Equation: (x3 ^ x0) * x1
Residuals:
485.4145122397096 468.7032466023937 512.4706498768305 509.2561630220017 480.6003723106516 521.6772652687948 739.2308778668295 755.4731868510229 764.2056789144644 603.3764964920213 252.0134592563595 213.82544744717484 284.27576340071187 553.8393142403288 1056.5780110692563 2631.1302936311204 3215.7451643458317 4306.934220684351 7092.924625827212 10805.789863909959

Equation: x0 - -1549.6901968255277
Residuals:
971.8863968255278 966.7565968255277 885.3930968255277 865.4746968255276 824.5881968255277 717.4596968255277 389.30179682552784 263.5399968255276 97.4309968255277 93.79399682552776 44.114496825527794 157.2049031744723 229.95470317447212 342.0513031744722 565.8763031744722 629.1577031744723 1093.7383031744723 1112.1833031744725 1251.4691031744724 1721.1291031744722

Equation: sin(x2) - -1554.265868730633
Residuals:
973.4681390271589 968.2246572804778 886.5976399806505 866.4971805265211 825.4006777851388 718.0486015696587 389.68897404583026 263.81343883769523 97.49128259805684 93.75295304047677 43.803300092751215 157.60951690411707 230.51746315384162 342.70330173533284 566.6798818366751 630.1668348450598 1094.821451680895 1113.3105554897222 1252.7407299442946 1722.5111098958748

Equation: (x4 - x4) - -1553.656121825557
Residuals:
972.807221825557 967.585821825557 886.106321825557 866.111521825557 825.091421825557 717.846621825557 389.582521825557 263.76122182555696 97.56142182555686 93.84592182555707 44.00732182555703 157.37157817444313 230.23017817444293 342.39217817444296 566.3127781744429 629.7863781744431 1094.431978174443 1112.9203781744432 1252.3612781744432 1722.145378174443

Equation: (x4 / 135.40396298163185) - -1553.6264892426511
Residuals:
972.8000346713748 967.5791161934702 886.1007180814559 866.1065679885787 825.0874007530059 717.843348884728 389.5799696908098 263.7595559277954 97.56026182140795 93.84520937108596 44.00783090106438 157.37068210878533 230.2286550961178 342.3893316488859 566.3098629655194 629.7822022934074 1094.4272550420687 1112.9151971529595 1252.3553534524226 1722.13877695819

Equation: (x4 / (x3 + (71.41616772308204 + x4))) - -1553.6056475644664
Residuals:
972.7959435930861 967.5753039744876 886.097581697358 866.1038546914053 825.0852184393124 717.841622572051 389.5786312411756 263.7587012462509 97.55965913457771 93.84483265163658 44.00813314858169 157.37018582197425 230.22787670411049 342.3877953874869 566.3083476630004 629.7800173149933 1094.4247999064173 1112.9125430966665 1252.3523366719903 1722.1354681885884

Equation: ((x4 + x4) / (144.34931179653202 + sin(x4))) - -1553.6001805618223
Residuals:
972.793359729721 967.5728818131673 886.0954950311032 866.101943174014 825.0836362203814 717.840275302459 389.57756218207487 263.75796722707355 97.55914017178725 93.84450054130798 44.00824617738476 157.36991176473862 230.22731082017253 342.38678262600683 566.3072517015721 629.7784543081314 1094.4230172688976 1112.9105514215285 1252.350048906863 1722.132877403392

Equation: (sin(x4 / 219.54803661736938) * 3.085684994276629) - -1553.5996520972765
Residuals:
972.793465821647 967.5729820993419 886.0955788428948 866.1020155182616 825.0836904152392 717.8403139749795 389.57758552885684 263.757971851604 97.55913445374267 93.84448603605847 44.00821030025486 157.3699533615886 230.22736033219076 342.3868422123014 566.3073115297336 629.7785128922606 1094.4230716679788 1112.9106004738928 1252.3500854973681 1722.132898400988

Equation: x3
Residuals:
511.3952 588.6006 786.1305 836.3937 952.8075 995.0899000000001 1167.4501 1198.489 1339.9958 1486.0706 1517.2102 1629.0686 1685.6551 2047.0512999999999 2174.2632000000003 2450.7554 2511.9285999999997 2668.1807 2959.8896 3113.8680999999997

Equation: x2 ^ x2
Residuals:
485.3104512882418 558.2765793063419 744.3634243824227 786.9907144966438 878.4204794922294 898.2656479865622 1051.0529641055812 1045.4536452510436 1170.9499597561291 1247.9173731695312 1225.2481829058852 1233.9391203262862 1231.5502110047805 1413.2820299713737 1325.1882262077397 1488.0512357126804 1247.697705970837 1095.0147573287097 569.3806601592883 306.05163124717

Equation: x4 + (x2 ^ x2)
Residuals:
482.2293512882418 555.1185793063419 741.1115243824228 783.6008144966438 874.9260794922295 894.6888479865622 1047.3853641055812 1041.6578452510435 1167.0670597561293 1243.9545731695312 1221.246482905885 1229.8158203262863 1227.3227110047803 1408.8993299713738 1320.6960262077396 1483.4766357126803 1243.018705970837 1090.2282573287098 564.5319601592882 301.13863124717

Equation: 1420.542879700665 + x4
Residuals:
909.1637797006649 831.9292797006649 634.420679700665 584.176779700665 467.7531797006651 425.46217970066505 253.1467797006651 222.1485797006651 80.56427970066511 65.52522029933493 96.66932029933491 208.54372029933506 265.131820299335 626.508520299335 753.6345202993352 1030.1953202993352 1091.400620299335 1247.6017202993348 1539.370620299335 1693.3851202993349

Equation: 1425.0817335517013 + cos(x4)
Residuals:
909.6233626743833 832.3102681491898 634.7137112406563 584.3564037489945 467.8592271722051 425.5174509068295 253.1532149441564 222.09810302052506 80.48264715167966 65.63050441227597 96.78452256102514 208.68377023718062 265.286576588602 626.6761152232996 753.8062804929571 1030.3684198366502 1091.574149225223 1247.775323251816 1539.5445771622467 1693.5599983147235

Equation: x4 + (1424.4885797006648 - x4)
Residuals:
910.0283797006648 832.7169797006648 635.1144797006648 584.7325797006648 468.2044797006648 425.83107970066476 253.42487970066486 222.29847970066476 80.62707970066481 65.54232029933519 96.72532029933518 208.72132029933528 265.4136202993352 626.9455202993352 754.1810202993354 1030.8242202993354 1092.1339202993352 1248.442520299335 1540.2736202993353 1694.352420299335

Equation: cos(cos(x4) / x4) + 1423.5086971766893
Residuals:
909.996477640803 832.6873924323068 635.0882506733758 584.7120923037702 468.1887549395932 425.81923327497816 253.41732502624222 222.2968246732246 80.62920941684001 65.53694700779329 96.71846114071786 208.71026752081366 265.3995749366575 626.9281299498489 754.1620845781877 1030.8045535464773 1092.1138282744362 1248.422522468581 1540.2538955237467 1694.3331252413818

Equation: (cos(x4) / (x4 * x4)) + 1424.535631880966
Residuals:
909.9702857475654 832.6637742842763 635.0675426544763 584.6952794133721 468.17468155424956 425.80725348415376 253.40763926494378 222.2904565649178 80.62521029941377 65.53865498495884 96.71900574174174 208.706947613578 265.39264894364806 626.9153229595004 754.1447914862711 1030.7837315833158 1092.0883929312756 1248.3922362851295 1540.220788029196 1694.2971126011078

Equation: (sin(cos(x4)) / (x4 * x4)) + 1424.5298178186172
Residuals:
909.9810825179572 832.6738498961167 635.076456988598 584.7020680677875 468.1796603035076 425.8107611588148 253.40954498387305 222.29024329354456 80.62371295766457 65.54118925567741 96.72199122605957 208.71110610118444 265.3975288309889 626.9208441258841 754.1505196994076 1030.7895250274548 1092.0942067104293 1248.3980532997007 1540.2266198642192 1694.3029811898152

Equation: 1424.5336398619365 + (cos(x4) / ((x4 * x4) - cos(x2)))
Residuals:
909.9782640199769 832.6709125075618 635.0736355043719 584.6999503529877 468.17818812581424 425.80990638014964 253.40951121709486 222.2913472092166 80.62559434033392 65.53886867495248 96.7195109065201 208.7079992887177 265.3939947908334 626.917029909828 754.146667716805 1030.7856709390198 1092.0903806063477 1248.3942250551806 1540.2227343905497 1694.2990200705894

Equation: 1424.5320988182418 + (cos(x4) / ((x4 * x4) + (x0 / x2)))
Residuals:
909.9769114439541 832.6694550405953 635.0720903023487 584.6986396116052 468.1768690477646 425.808850481779 253.4085120678867 222.2905019961429 80.62475984446132 65.5396360509153 96.72016560282441 208.70867650020796 265.3948013303459 626.9180297516814 754.1478209894108 1030.7869617490005 1092.0918589744865 1248.3959042075746 1540.2245535913542 1694.30097097964

Equation: cos(cos(x4) / (1.789887089373286 / 0.7408992882036676)) + 1423.5299522019614
Residuals:
909.9856011385248 832.6739192747598 635.0724058546755 584.694529289537 468.17135304437 425.8028314696742 253.402858766362 222.28638886454678 80.6222048739005 65.54045549027387 96.7201859426741 208.70627789043692 265.3908030358855 626.9131138922762 754.1437319544741 1030.7844636398818 1092.092643269836 1248.4016174470466 1540.2338293847602 1694.3144477012045

Equation: x0
Residuals:
483.9707 695.0822999999999 738.2352 889.4506 938.1564 1036.5413999999998 1092.0093 1207.7654 1216.066 1356.2598 1365.4696000000001 1565.7613 1606.8127 2107.1605999999997 2151.7575 2189.21 2471.2635 2521.8413 2896.3208 3442.0275

Equation: x3 ^ x3
Residuals:
454.3428316618563 659.3034212764262 699.3811415481284 838.8803836213436 873.3461492510073 952.101025873622 988.4844569933804 1063.9071279183338 1059.7043836200392 1114.286487429927 1050.3765761939176 1227.1365295678797 1152.8057557007783 1567.0636441096715 1311.2130707791027 1310.0827067907967 1303.0935370570687 1021.8787729720163 853.8525238460529 846.4880168103714

Equation: (x0 ^ x2) * x1
Residuals:
395.27420736949557 582.3157290372901 594.5085469120373 682.6225602814128 697.6890772566765 734.3160429214709 673.7359118869985 695.7431980650982 570.2605536022095 394.5089267052881 315.20694618776247 56.78769775748174 361.47010444978105 477.0294483933508 964.0757462708357 2259.7716917274784 3433.1880924417674 5074.994059713632 7946.89308054506 10382.445611008217

Equation: 1500.1658887914532 - x1
Residuals:
1010.142088791453 798.7986887914533 755.4573887914532 603.9359887914532 555.1387887914533 456.49688879145333 400.81608879145324 284.9525887914533 276.4571887914533 136.01628879145323 126.63378879145307 73.85341120854673 115.09371120854667 615.7376112085467 660.4550112085469 698.1459112085467 980.3187112085466 1031.175211208547 1405.7960112085466 1951.7786112085469

Equation: sin(x2) - -1496.9504897970608
Residuals:
1010.0240669664959 798.7006821485579 755.3755183894455 603.877226345252 555.0618265608167 456.49617277427546 400.7850769125505 284.8830268991137 276.43108223999116 135.9643346261439 126.70882073815892 73.77483146223585 114.99518310254052 615.5224488201925 660.1969884909756 697.8248319247318 979.924823866116 1030.6643506783553 1405.1901673847447 1951.02309868814

Equation: (x4 - x4) - -1496.3039762915867
Residuals:
1009.3322762915866 798.0419762915867 754.8410762915867 603.4732762915867 554.7355762915867 456.2085762915867 400.6244762915867 284.8029762915867 276.42357629158664 136.06877629158657 126.82067629158655 73.56122370841331 114.74172370841325 615.2454237084132 659.8916237084134 697.4882237084132 979.5718237084131 1030.3109237084134 1404.8540237084133 1950.6971237084133

Equation: 1496.2505866329582 + (0.01342293964499924 * x4)
Residuals:
1009.3194749178567 798.0303856670128 754.8313004484528 603.4654521438772 554.7284944324396 456.20341659739665 400.6200145902583 284.7999535293882 276.4214797122236 136.0683441567396 126.8217421568038 73.55907326967258 114.73849540761898 615.2400611602154 659.8854423608973 697.4809846332532 979.5630718679552 1030.3009960184424 1404.842334928761 1950.6839745129275

Equation: ((x4 * 1.0134229395699457) - x4) - -1496.2505866332383
Residuals:
1009.3194749179099 798.0303856670591 754.831300448489 603.4654521439024 554.7284944324607 456.2034165974071 400.62001459026465 284.7999535293866 276.421479712217 136.06834415672347 126.82174215677946 73.55907326970305 114.73849540765559 615.2400611602638 659.8854423609503 697.4809846333121 979.5630718680225 1030.3009960185163 1404.8423349288446 1950.6839745130194

Equation: (((x4 - -0.08500250623184857) - x4) * (cos(x4) / x3)) - -1496.3159386516702
Residuals:
1009.3169168371169 798.0271544662703 754.8266956933987 603.4604647670083 554.7239099347095 456.19893897865813 400.6159150896426 284.79644897374646 276.4181473566007 136.0659276085812 126.81997631415629 73.56047210457064 114.73927164528163 615.2399506734912 659.884792838229 697.4799272725247 979.5613850900211 1030.2988764503073 1404.8396802274979 1950.6809835449176

Equation: x0
Residuals:
535.2713 544.7809 607.1084 630.394 980.3802 1012.5714 1141.7272 1163.3597 1280.4571 1353.2520000000002 1453.1517000000001 1510.5034 1666.1613 1700.0058 2317.6072999999997 2486.5197 2745.0155 2916.9248000000002 2938.7124 3214.5177000000003

Equation: x4 ^ x4
Residuals:
509.5981759915504 511.689413601977 559.4495875206401 580.6554501745248 910.3878509236534 918.5045867267442 1019.8697098314946 1027.9232820547818 1087.8535680466641 1139.1550307072127 1189.9782573367966 1112.6326809888994 1252.4236471694253 1122.800778738108 1532.3704257071995 1430.9969445385475 1350.3409252426952 1420.7351997917838 989.4735237349562 582.1999147266542

Equation: (x0 ^ x4) * x3
Residuals:
448.7987741608147 430.689265580819 453.2427158392562 459.8565270782128 729.3072317189896 692.4516889510696 696.896552269664 612.8583760699823 511.3635305019503 442.0871518117124 394.0966712653949 65.49255271755351 145.50489303452946 734.8592933625866 1040.4558737037792 2292.32113273933 3517.7356142627646 4168.329345836836 6832.5172830034535 9493.91179008302

Equation: x1 / 0.0026927308361200442
Residuals:
589.4874726099403 629.9919501536004 610.493208718732 611.1331238988836 296.2397562610565 307.20424800981243 209.84428555614454 241.0403766504105 128.8191373843738 93.0289207666824 52.570490431423195 23.027029774262473 75.31413668314599 97.36129015427832 651.2768891024202 802.9433635539513 1010.2143013574043 1155.8094168714792 1132.248866878158 1370.5919762714198

Equation: (1417.2067422685677 + x2) - x2
Residuals:
878.8800422685678 869.2495422685678 806.8575422685677 783.5069422685677 433.37054226856776 401.1075422685677 271.8097422685678 250.04844226856767 132.8508422685677 59.96074226856763 39.954057731432385 97.42455773143229 253.17955773143217 287.1105577314322 904.8275577314321 1073.8741577314322 1332.4684577314324 1504.4308577314323 1526.3631577314322 1802.2146577314325

Equation: (x1 + 1415.2852488952815) - cos(x1)
Residuals:
880.9899736231658 871.4994896628117 809.2128378232381 785.9153948134732 435.8497035087703 403.66174031674507 274.4114103295792 252.71474665436426 135.52236266644036 62.66679501698877 37.20738467544629 94.66432968527238 250.40066754909708 284.3291241570885 902.0382801499063 1071.0840329675443 1329.6775659778914 1501.6399493212652 1523.5715143056498 1799.4206359662942

Equation: (x3 - -35459.516398349246) / 24.977001514335324
Residuals:
881.4815735429967 871.8542364526819 809.4680538042929 786.1192034138277 435.9898939366792 403.7283632883938 274.43660084257795 252.67894419424078 135.48666508914175 62.59875510382267 37.31341047266733 94.7775446164651 250.5293977215124 284.45815966263376 902.171163986854 1071.2103651804002 1329.8039805505825 1501.7612238066904 1523.6904930185488 1799.5355951328818

Equation: (x3 + (50085.2779149944 + x4)) / 35.28075371339291
Residuals:
881.4656553991209 871.8405010899056 809.4570496601106 786.1082211642146 435.9809961382707 403.72260204894144 274.4321885124541 252.6747376365713 135.4850796437711 62.59778003745873 37.31273717421914 94.77392898305425 250.52624763444214 284.4518452555262 902.162521694476 1071.2005561178319 1329.791264924712 1501.7492347472485 1523.6764696627138 1799.5201523694034

Equation: (58976.22367514993 - -34284.21778030187) / 65.6835879337737
Residuals:
881.517196918098 871.886696918098 809.4946969180979 786.144096918098 436.00769691809796 403.74469691809793 274.446896918098 252.68559691809787 135.4879969180979 62.59789691809783 37.31690308190218 94.78740308190208 250.54240308190197 284.473403081902 902.1904030819019 1071.237003081902 1329.8313030819022 1501.793703081902 1523.726003081902 1799.5775030819023

Equation: 1419.840456754613 - ((0.025429788265386093 / x1) * sin(sin(x1)))
Residuals:
881.5128832924953 871.8834996605977 809.4923767097767 786.142229753363 436.00644111131373 403.74409700432113 274.44671272349046 252.68597344643172 135.488418094194 62.598609429829594 37.31586536186114 94.78626625029233 250.54115368109115 284.4721438877382 902.1891574296235 1071.2357781905152 1329.830175929296 1501.7926455678448 1523.7250946524803 1799.5767447021638

Equation: (cos(x4) + (42123.607355309665 - -31156.284596562113)) / 51.61081881246959
Residuals:
881.5092939597238 871.878672421262 809.4869010931487 786.1363602793775 436.00065113914184 403.738559416906 274.441778690815 252.6809523256536 135.48513032149503 62.595624461499256 37.31795221899392 94.78576474243232 250.5404952632257 284.4691376557025 902.1838659427929 1071.2282344758837 1329.8204185541372 1501.7822857653853 1523.712593948516 1799.5618779096217

Equation: x2
Residuals:
568.2376 590.2281 690.2485 750.5899000000001 756.2079 774.207 893.8087 1229.0344 1250.2178 1352.4451999999999 1678.084 1760.3024 1844.8975 1955.0964 2096.8744 2201.0260000000003 2780.3007 2934.7366 2946.666 3348.5581

Equation: x2 ^ x2
Residuals:
540.7137335566381 552.3245243137784 645.662067094149 700.7324220233244 685.2646755881468 685.9202291894595 781.8212591620863 1087.1107291211165 1062.9360776890996 1147.3656817819203 1365.8966134917994 1400.7921395296146 1339.5347950094424 1357.1822018463163 1305.3430793698321 1292.103406741574 1602.6052138641296 1261.6891216068552 868.0122088944413 657.41331574066

Equation: x2 + (x2 ^ x2)
Residuals:
537.6546335566381 549.1273243137784 642.394867094149 697.4171220233244 681.7980755881467 682.3603291894595 778.1604591620863 1083.3500291211164 1059.0592776890996 1143.4510817819203 1361.8084134917995 1396.6461395296146 1335.2503950094424 1352.8300018463165 1300.878579369832 1287.583906741574 1597.9833138641295 1256.9297216068553 863.1685088944414 652.4700157406601

Equation: x0 ^ (x2 - cos(x1))
Residuals:
475.4635040911264 475.6994367791467 543.2442064734066 581.8659488377755 535.6628648326323 492.0321924931702 557.8072065591448 768.8322072502276 722.757452515389 800.2577008307139 949.3444204162336 1063.8883046433048 896.7757060554931 986.5961578539773 954.4332318448885 1036.244189029447 1476.7595992036913 1327.8864298665699 1117.1557703615686 1526.5640389185692

Equation: 970.6843968547661 - sin(x2)
Residuals:
399.30529773028616 377.3146755476474 277.2939741728113 216.95203193695545 211.32921260244552 193.32371118115884 73.71108895659893 261.5303947276194 282.7394621880684 384.977112051753 710.6763657671221 792.9201590413556 877.5877008987824 987.8283729111878 1129.6850706082323 1233.8796486170036 1813.2422944801347 1967.8127079597207 1979.8339120565088 2381.843544846246

Equation: 1513.894279649714 - (x3 * x3)
Residuals:
933.3851406097141 910.4498555597141 809.793317399714 748.926138439714 742.027112409714 723.579490359714 603.035766839714 267.37215464971405 244.67458083971405 142.00221043971396 185.006020350286 267.42814119028594 352.96459971028594 464.4994471102859 607.4085379602861 712.7110591602861 1292.2223740402858 1448.275507240286 1460.661180710286 1864.455351390286

Equation: 1234.5725500560268 - -263.16164030181227
Residuals:
926.437490357839 904.308890357839 804.218490357839 743.828990357839 738.059690357839 719.967290357839 600.264690357839 264.93909035783895 243.6395903578391 141.37439035783905 184.43800964216098 266.714209642161 351.44770964216104 461.71440964216094 603.6047096421612 707.8113096421612 1287.1884096421609 1441.761809642161 1453.775509642161 1855.767209642161

Equation: 1497.7332609108728 - (x0 * -0.0002338566368129053)
Residuals:
926.4372813997851 904.3086892807538 804.218319097475 743.8288382269478 738.0595569588646 719.9671894883228 600.2646082670107 264.93904844358076 243.63957073011852 141.3743782135307 184.43799821372022 266.71417964550324 351.44763970278973 461.7143213450438 603.6045922532783 707.8111676047888 1287.1882401734051 1441.7616214648742 1453.7752944544327 1855.766976283772

Equation: ((x3 - -1.9776026952202802e6) - x2) / 1320.3962819234184
Residuals:
926.4375017651781 904.3088957063911 804.2185094901316 743.8290280451673 738.0597389509843 719.9673065364731 600.2647185783125 264.93907768149916 243.63962918119 141.3744399355371 184.43797877096813 266.7142090649038 351.44774072206656 461.7143798312559 603.6046774077413 707.8112274227474 1287.1883939179359 1441.761778392294 1453.775512775911 1855.7671487042371

Equation: (1234.5986332124276 + (-0.20202745816927076 / x4)) - -263.1877117477229
Residuals:
926.4224927387214 904.2973038469878 804.2082754065046 743.8203884768806 738.0532404121944 719.9632043671521 600.2609173079153 264.9377631710918 243.63973232996432 141.3755961143711 184.43631774952087 266.7107797964202 351.44352660706454 461.7088148006683 603.5976464286027 707.8033439893388 1287.1795296372939 1441.75217013027 1453.764711735483 1855.7559231585876

Equation: ((0.013921924607758512 * x4) + 1498.4983752593994) - cos(cos(cos(-60.10742121786132)))
Residuals:
926.4241350574056 904.2977764872675 804.2083468454124 743.8200441309287 738.0524439979234 719.962061284799 600.2597411154837 264.93644101742893 243.63842648678474 141.37435555487036 184.43751262760975 266.71172457677585 351.4443182594839 461.7092404297114 603.5975732617646 707.8028994056629 1287.1786545477455 1441.7508934592333 1453.762740451068 1855.753627410671

Equation: ((0.02064461583938214 * cos(x4)) + 309.30230323570066) - (5.337243346080159 * -222.66990385764686)
Residuals:
926.4286039324448 904.2998293950938 804.2095196209738 743.8202683620165 738.0515785584054 719.960282044938 600.2578665054856 264.93405669447156 243.63595691965452 141.37193783367456 184.43987348303426 266.71370646273067 351.4460494966984 461.71036270372815 603.597880507255 707.8026248374597 1287.177739808047 1441.7494185501587 1453.760388208662 1855.7509071993068

Equation: (415.63577543835254 - (-136.83698907964376 * 7.908022515071903)) - (sin(65.99409181257923) * cos(x4))
Residuals:
926.4286039304587 904.2998293930685 804.2095196189688 743.8202683600672 738.0515785565923 719.9602820433716 600.2578665039606 264.93405669334675 243.63595691884257 141.3719378331266 184.43987348345058 266.71370646261767 351.4460494963266 461.710362702823 603.5978805057277 707.8026248355175 1287.177739805661 1441.7494185473881 1453.760388205281 1855.7509071956617

Equation: x1
Residuals:
648.2484 675.821 694.981 882.9214 889.3456 988.5656 1050.1846 1086.2600000000002 1101.9012 1224.3216 1452.4218999999998 1627.9648 1776.2939 1914.0113 2087.2212000000004 2413.4092 2776.6766 2963.8303 2984.38 3313.0445

Equation: x4 ^ x1
Residuals:
620.0309973685933 641.8704734062143 652.182490409359 828.1940855388375 818.4365178612074 903.7286654877955 938.3256768801662 946.2200992980386 921.2374282456443 1001.7824678604322 1163.1556221374913 1278.0141498245048 1323.3321032601232 1280.2225939122993 1334.960358664087 1416.4912020023405 1483.3082592163362 1382.0287334646623 746.4886790317664 715.8854586728266

Equation: x4 * (x1 ^ x3)
Residuals:
559.9981686471615 562.3627087216074 548.2759430157545 698.7752169068375 645.1258395010345 672.1365027572147 616.5636893489457 543.6116562814434 441.2775586237693 285.3196740540982 358.4779515450675 92.00250301989217 145.19650622569338 669.8492495421358 1243.9095703149578 2202.557868680106 3504.3899919533615 4984.952099271475 6875.362313624077 10398.881284711559

Equation: x4 - -1536.0543772077333
Residuals:
887.8499772077334 860.3194772077333 841.0455772077332 653.1778772077332 646.6694772077333 547.5624772077333 485.86157720773326 449.7073772077331 434.1150772077333 311.65017720773335 83.67427720773344 91.88162279226663 240.15462279226654 377.9276227922667 551.101922792267 877.3896227922669 1240.6666227922665 1427.7108227922668 1448.345622792267 1776.9439227922667

Equation: cos(x3) - -1540.6195702317407
Residuals:
888.3277873840213 860.6894851346502 841.381350253986 653.3816426176234 646.8298179549001 547.6366875868689 485.9148082861934 449.7435039557149 434.0507732553408 311.638441146142 83.51014479491073 91.97919328959824 240.32485339539107 378.1292243370176 551.2790285274627 877.513109705726 1240.769510850058 1427.8503825370672 1448.548548521673 1777.0730766687782

Equation: (x3 / x3) - -1539.0505272076966
Residuals:
888.7532272076967 861.1200272076966 841.8070272076966 653.7941272076966 647.2208272076966 547.9744272076966 486.2020272076966 449.9975272076965 434.2712272076967 311.74522720769664 83.58912720769672 92.03737279230336 240.44897279230327 378.32457279230334 551.5889727923036 877.9286727923036 1241.3023727923032 1428.4919727923034 1449.2094727923036 1777.9058727923034

Equation: (0.01623453570080852 / x3) - -1540.046317305051
Residuals:
888.754363768315 861.1209379635485 841.8078211688473 653.7947865458359 647.2213570387019 547.9747561486265 486.20222359527475 449.9976516001441 434.2712868547303 311.745106299762 83.58896844436845 92.03769530073873 240.4493639722757 378.325032859937 551.5895347306096 877.9293211619872 1241.3031109581325 1428.4927898975193 1449.2103035975176 1777.9068222897313

Equation: 1540.0730666415325 - (x2 / (43.92361270047381 * x4))
Residuals:
888.7530005800361 861.1200969322648 841.8065605416471 653.7944326566508 647.2206203319404 547.9742296982838 486.20209503944193 449.99673528141716 434.27095004156763 311.7445609771614 83.58899969586628 92.0376911815788 240.4488271212483 378.32432648478266 551.5890798016055 877.9290311786015 1241.3024453267 1428.4919490078757 1449.2096312935269 1777.906241125524

Equation: ((x3 / x3) + (-0.2016531924690498 / x4)) - -1539.1022263324744
Residuals:
888.7397275893954 861.1086229426668 841.7963857158888 653.7861638594813 647.2139878999183 547.9698646304296 486.1985650247989 449.9948137063359 434.270412480269 311.7452349653038 83.59141727348128 92.03424256187986 240.44427359584824 378.31877592162164 551.5822534124557 877.9214376806826 1241.294209407172 1428.4824843707406 1449.1992660939597 1777.8948451328993

Equation: ((x3 / x3) + sin(-0.20165320646408663 / x4)) - -1539.1022263360624
Residuals:
888.7397737706144 861.1086648135605 841.7964260869146 653.7861992484995 647.2140213264665 547.9698943070246 486.19859299416976 449.9948405523962 434.27043661317225 311.7452579821006 83.5914373745436 92.03422346874618 240.4442562936756 378.31875980344284 551.5822382465194 877.9214230303742 1241.2941956552515 1428.482471836422 1449.1992541885652 1777.8948339201522

Equation: ((-0.06104962015398297 / x3) + (-0.2233193180857314 / x4)) - -1540.1236122641862
Residuals:
888.7340031449553 861.1039727621829 841.7922566936229 653.7828288306125 647.2112606495527 547.9681374404904 486.19745452800544 449.9940543858986 434.2701006426007 311.74569047054524 83.59226035003508 92.03269345599438 240.4422976784822 378.3164230168195 551.5794183084924 877.9182221418771 1241.2905564558662 1428.4783922043362 1449.1950452355477 1777.8900897288665

Equation: ((0.008612693504231418 * x4) + 1540.0315757713536) - (0.22980527055946218 / (x2 * x4))
Residuals:
888.7368901397815 861.1057971923718 841.7942006879914 653.7836872511718 647.2121616902416 547.9684333337059 486.1971396447482 449.99416723859804 434.2697978641288 311.7450600193731 83.59146967207971 92.03384320574742 240.4436631451781 378.3178482304497 551.5808061851633 877.9196729394591 1241.292215722751 1428.4799603234235 1449.1963254871139 1777.891412336681

Equation: x0
Residuals:
662.8189 750.5122 758.3594999999999 763.2102 960.6925 967.2344 979.553 1029.1651 1186.0791 1344.6122 1524.8576 1644.336 1879.2314000000001 1883.3672000000001 2205.453 2512.914 2523.7476 2643.2094 2942.1772 3109.5766

Equation: x2 ^ x2
Residuals:
638.5327129593136 713.1147227175823 715.0368453610461 707.3459127327801 897.6814891857065 873.2297083514429 871.8911447062305 893.554812434964 1024.7065394323959 1146.1503439485743 1215.6986737406014 1249.873466341087 1457.7893549634787 1320.8196931320695 1521.2935011319646 1555.8237838825476 1373.2964108732208 996.9939280384183 945.1031735430427 650.566536735892

Equation: x0 + (x3 ^ x3)
Residuals:
632.4489028906594 714.2288588727085 709.5126682037945 703.5599596068117 895.1682100501221 885.9489802735 861.4055500417796 878.6575970398246 1013.3295975222986 1116.5770037430057 1261.8564204887823 1255.6910625643857 1439.4166404453317 1293.0294140333385 1360.6818154691832 1550.743928511457 1380.8314253572382 924.0797568983037 792.084405185346 681.0958650179164

Equation: (x0 - cos(x2)) ^ x3
Residuals:
595.7355989655517 667.3287625629088 649.9485686274231 626.3716256973566 807.5954608733896 780.2417485987021 735.930512885878 712.4485749778526 830.1184106764969 897.6126336938556 1043.6773575976913 1047.0832520116355 1186.7374462865964 1010.6974902564538 1101.79268444717 1315.9214425273021 1194.1525278493002 1021.6818252424491 1006.274927620505 1012.2788209345413

Equation: 1391.1749074788172 - cos(x3)
Residuals:
726.3249295458578 638.5240048506881 630.5832078212395 625.5744211440958 428.0073814789133 421.3071782580904 408.873868174035 359.029700412234 202.00521037794533 43.281845435496734 137.12304231795224 256.77712395244794 491.81686532602976 496.21557284814617 818.5225743080648 1126.1641531534465 1137.1353903175564 1256.845373467654 1556.0154114363793 1723.5469514047172

Equation: 1.849430778784291e6 * 0.0007549813178441614
Residuals:
730.4393866281176 642.6347866281177 634.7030866281177 629.7105866281177 432.1538866281177 425.4835866281177 413.1210866281177 363.33428662811775 206.34608662811775 47.70298662811774 132.6573133718823 252.1796133718824 487.1751133718824 491.4648133718824 813.6340133718822 1121.2247133718824 1132.1283133718825 1251.6781133718823 1550.7616133718825 1718.2467133718824

Equation: (cos(x4) / (x3 ^ x4)) + 1396.2908038971427
Residuals:
730.4122015082818 642.6119838653643 634.6875517709866 629.698992645767 432.1444638118122 425.47787989419123 413.1188311999198 363.3338518587484 206.34681554913118 47.70524949590936 132.65457374687776 252.17575659522868 487.17087844255684 491.46026893272665 813.6291642870242 1121.2197600260977 1132.123273469102 1251.6729654340668 1550.7564285257745 1718.2415165634368

Equation: ((x4 + 50440.590119538225) / 2.9505563846262866e6) * (81670.94097849927 + sin(x4))
Residuals:
730.4275824745572 642.6235888599532 634.6933237882708 629.7017838098825 432.14581568866527 425.4769552864003 413.1159826273373 363.3304012170847 206.343384181361 47.70234698981426 132.6571563222567 252.1764955048518 487.17019905848156 491.4582023095668 813.6245376111674 1121.2136212110993 1132.1154158246513 1251.6613095093317 1550.7420451755042 1718.2256277230147

Equation: (-0.9789337033326957 * cos(x4)) + (cos(x4) - (-740.8035512181063 - 655.492950233608))
Residuals:
730.4291880700431 642.6245371298631 634.6929902203453 629.7007984338429 432.14443306397254 425.4750030935728 413.11366075472745 363.3279024450637 206.34077830703154 47.699637370006485 132.6598932222371 252.17934063862413 487.17314531576017 491.46128322881896 813.6279476180732 1121.217277438664 1132.1194001175352 1251.6661949476093 1550.7477231338385 1718.231793646012

Equation: (((39823.4258027292 + 26888.71783096072) + cos(x4)) / 3.5354197905761604e6) * 73997.04915668847
Residuals:
730.431441553494 642.6267909424035 634.6952430438726 629.7030492662125 432.14668173452435 425.4772461434551 413.1158963257486 363.33013128643233 206.3430001979882 47.701846604790035 132.65768895807378 252.17715480306288 487.1709704325267 491.45911843716635 813.6257992072767 1121.2151378796646 1132.1172701025025 1251.664084346935 1550.7456252717113 1718.2297024347051

Equation: sin(0.018842025332663614 * cos(x4)) + (cos(x4 - x4) - (-740.3039647097945 - 654.9933637253014))
Residuals:
730.4322348442528 642.627589290625 634.696026193023 629.7038018164892 432.14740106491706 425.47787911054945 413.11641439407015 363.330545981157 206.34330814205418 47.701960197678545 132.65765168426356 252.1774004357237 487.1713841695762 491.4596870510461 813.6266191944508 1121.2160936927228 1132.118372357372 1251.665484487353 1550.747220869575 1718.2314000843355

Equation: x3
Residuals:
577.7658 582.8962 664.2594 684.2406 725.1151 832.3077999999999 1160.4423 1286.13 1452.2207 1455.8491 1505.5664 1706.8789000000002 1779.5865999999999 1891.6939 2115.5240999999996 2178.8912 2643.4676 2661.8636 2801.2158000000004 3270.8742

Equation: x3 ^ x3
Residuals:
548.668035683681 546.9687509678827 617.2049430757199 635.6755507303589 656.9360043725868 755.2899107476604 1055.9915405386714 1142.7808517870576 1266.1923435290234 1226.4599925866428 1197.7586472636347 1344.8963932710167 1254.7177381365968 1290.4990336376663 1362.1358080501564 1194.0424383733848 1469.952153631477 1176.7349748178449 936.4423125017179 689.4213921428432

Equation: (x3 ^ x0) * x1
Residuals:
485.4145122397096 468.7032466023937 512.4706498768305 509.2561630220017 480.6003723106516 521.6772652687948 739.2308778668295 755.4731868510229 764.2056789144644 603.3764964920213 252.0134592563595 213.82544744717484 284.27576340071187 553.8393142403288 1056.5780110692563 2631.1302936311204 3215.7451643458317 4306.934220684351 7092.924625827212 10805.789863909959

Equation: x0 - -1549.6901968255277
Residuals:
971.8863968255278 966.7565968255277 885.3930968255277 865.4746968255276 824.5881968255277 717.4596968255277 389.30179682552784 263.5399968255276 97.4309968255277 93.79399682552776 44.114496825527794 157.2049031744723 229.95470317447212 342.0513031744722 565.8763031744722 629.1577031744723 1093.7383031744723 1112.1833031744725 1251.4691031744724 1721.1291031744722

Equation: sin(x2) - -1554.265868730633
Residuals:
973.4681390271589 968.2246572804778 886.5976399806505 866.4971805265211 825.4006777851388 718.0486015696587 389.68897404583026 263.81343883769523 97.49128259805684 93.75295304047677 43.803300092751215 157.60951690411707 230.51746315384162 342.70330173533284 566.6798818366751 630.1668348450598 1094.821451680895 1113.3105554897222 1252.7407299442946 1722.5111098958748

Equation: (x4 - x4) - -1553.656121825557
Residuals:
972.807221825557 967.585821825557 886.106321825557 866.111521825557 825.091421825557 717.846621825557 389.582521825557 263.76122182555696 97.56142182555686 93.84592182555707 44.00732182555703 157.37157817444313 230.23017817444293 342.39217817444296 566.3127781744429 629.7863781744431 1094.431978174443 1112.9203781744432 1252.3612781744432 1722.145378174443

Equation: (x4 / 135.40396298163185) - -1553.6264892426511
Residuals:
972.8000346713748 967.5791161934702 886.1007180814559 866.1065679885787 825.0874007530059 717.843348884728 389.5799696908098 263.7595559277954 97.56026182140795 93.84520937108596 44.00783090106438 157.37068210878533 230.2286550961178 342.3893316488859 566.3098629655194 629.7822022934074 1094.4272550420687 1112.9151971529595 1252.3553534524226 1722.13877695819

Equation: (x4 / (x3 + (71.41616772308204 + x4))) - -1553.6056475644664
Residuals:
972.7959435930861 967.5753039744876 886.097581697358 866.1038546914053 825.0852184393124 717.841622572051 389.5786312411756 263.7587012462509 97.55965913457771 93.84483265163658 44.00813314858169 157.37018582197425 230.22787670411049 342.3877953874869 566.3083476630004 629.7800173149933 1094.4247999064173 1112.9125430966665 1252.3523366719903 1722.1354681885884

Equation: ((x4 + x4) / (144.34931179653202 + sin(x4))) - -1553.6001805618223
Residuals:
972.793359729721 967.5728818131673 886.0954950311032 866.101943174014 825.0836362203814 717.840275302459 389.57756218207487 263.75796722707355 97.55914017178725 93.84450054130798 44.00824617738476 157.36991176473862 230.22731082017253 342.38678262600683 566.3072517015721 629.7784543081314 1094.4230172688976 1112.9105514215285 1252.350048906863 1722.132877403392

Equation: (sin(x4 / 219.54803661736938) * 3.085684994276629) - -1553.5996520972765
Residuals:
972.793465821647 967.5729820993419 886.0955788428948 866.1020155182616 825.0836904152392 717.8403139749795 389.57758552885684 263.757971851604 97.55913445374267 93.84448603605847 44.00821030025486 157.3699533615886 230.22736033219076 342.3868422123014 566.3073115297336 629.7785128922606 1094.4230716679788 1112.9106004738928 1252.3500854973681 1722.132898400988

Equation: x3
Residuals:
511.3952 588.6006 786.1305 836.3937 952.8075 995.0899000000001 1167.4501 1198.489 1339.9958 1486.0706 1517.2102 1629.0686 1685.6551 2047.0512999999999 2174.2632000000003 2450.7554 2511.9285999999997 2668.1807 2959.8896 3113.8680999999997

Equation: x2 ^ x2
Residuals:
485.3104512882418 558.2765793063419 744.3634243824227 786.9907144966438 878.4204794922294 898.2656479865622 1051.0529641055812 1045.4536452510436 1170.9499597561291 1247.9173731695312 1225.2481829058852 1233.9391203262862 1231.5502110047805 1413.2820299713737 1325.1882262077397 1488.0512357126804 1247.697705970837 1095.0147573287097 569.3806601592883 306.05163124717

Equation: x4 + (x2 ^ x2)
Residuals:
482.2293512882418 555.1185793063419 741.1115243824228 783.6008144966438 874.9260794922295 894.6888479865622 1047.3853641055812 1041.6578452510435 1167.0670597561293 1243.9545731695312 1221.246482905885 1229.8158203262863 1227.3227110047803 1408.8993299713738 1320.6960262077396 1483.4766357126803 1243.018705970837 1090.2282573287098 564.5319601592882 301.13863124717

Equation: 1420.542879700665 + x4
Residuals:
909.1637797006649 831.9292797006649 634.420679700665 584.176779700665 467.7531797006651 425.46217970066505 253.1467797006651 222.1485797006651 80.56427970066511 65.52522029933493 96.66932029933491 208.54372029933506 265.131820299335 626.508520299335 753.6345202993352 1030.1953202993352 1091.400620299335 1247.6017202993348 1539.370620299335 1693.3851202993349

Equation: 1425.0817335517013 + cos(x4)
Residuals:
909.6233626743833 832.3102681491898 634.7137112406563 584.3564037489945 467.8592271722051 425.5174509068295 253.1532149441564 222.09810302052506 80.48264715167966 65.63050441227597 96.78452256102514 208.68377023718062 265.286576588602 626.6761152232996 753.8062804929571 1030.3684198366502 1091.574149225223 1247.775323251816 1539.5445771622467 1693.5599983147235

Equation: x4 + (1424.4885797006648 - x4)
Residuals:
910.0283797006648 832.7169797006648 635.1144797006648 584.7325797006648 468.2044797006648 425.83107970066476 253.42487970066486 222.29847970066476 80.62707970066481 65.54232029933519 96.72532029933518 208.72132029933528 265.4136202993352 626.9455202993352 754.1810202993354 1030.8242202993354 1092.1339202993352 1248.442520299335 1540.2736202993353 1694.352420299335

Equation: cos(cos(x4) / x4) + 1423.5086971766893
Residuals:
909.996477640803 832.6873924323068 635.0882506733758 584.7120923037702 468.1887549395932 425.81923327497816 253.41732502624222 222.2968246732246 80.62920941684001 65.53694700779329 96.71846114071786 208.71026752081366 265.3995749366575 626.9281299498489 754.1620845781877 1030.8045535464773 1092.1138282744362 1248.422522468581 1540.2538955237467 1694.3331252413818

Equation: (cos(x4) / (x4 * x4)) + 1424.535631880966
Residuals:
909.9702857475654 832.6637742842763 635.0675426544763 584.6952794133721 468.17468155424956 425.80725348415376 253.40763926494378 222.2904565649178 80.62521029941377 65.53865498495884 96.71900574174174 208.706947613578 265.39264894364806 626.9153229595004 754.1447914862711 1030.7837315833158 1092.0883929312756 1248.3922362851295 1540.220788029196 1694.2971126011078

Equation: (sin(cos(x4)) / (x4 * x4)) + 1424.5298178186172
Residuals:
909.9810825179572 832.6738498961167 635.076456988598 584.7020680677875 468.1796603035076 425.8107611588148 253.40954498387305 222.29024329354456 80.62371295766457 65.54118925567741 96.72199122605957 208.71110610118444 265.3975288309889 626.9208441258841 754.1505196994076 1030.7895250274548 1092.0942067104293 1248.3980532997007 1540.2266198642192 1694.3029811898152

Equation: 1424.5336398619365 + (cos(x4) / ((x4 * x4) - cos(x2)))
Residuals:
909.9782640199769 832.6709125075618 635.0736355043719 584.6999503529877 468.17818812581424 425.80990638014964 253.40951121709486 222.2913472092166 80.62559434033392 65.53886867495248 96.7195109065201 208.7079992887177 265.3939947908334 626.917029909828 754.146667716805 1030.7856709390198 1092.0903806063477 1248.3942250551806 1540.2227343905497 1694.2990200705894

Equation: 1424.5320988182418 + (cos(x4) / ((x4 * x4) + (x0 / x2)))
Residuals:
909.9769114439541 832.6694550405953 635.0720903023487 584.6986396116052 468.1768690477646 425.808850481779 253.4085120678867 222.2905019961429 80.62475984446132 65.5396360509153 96.72016560282441 208.70867650020796 265.3948013303459 626.9180297516814 754.1478209894108 1030.7869617490005 1092.0918589744865 1248.3959042075746 1540.2245535913542 1694.30097097964

Equation: cos(cos(x4) / (1.789887089373286 / 0.7408992882036676)) + 1423.5299522019614
Residuals:
909.9856011385248 832.6739192747598 635.0724058546755 584.694529289537 468.17135304437 425.8028314696742 253.402858766362 222.28638886454678 80.6222048739005 65.54045549027387 96.7201859426741 208.70627789043692 265.3908030358855 626.9131138922762 754.1437319544741 1030.7844636398818 1092.092643269836 1248.4016174470466 1540.2338293847602 1694.3144477012045

Equation: x0
Residuals:
483.9707 695.0822999999999 738.2352 889.4506 938.1564 1036.5413999999998 1092.0093 1207.7654 1216.066 1356.2598 1365.4696000000001 1565.7613 1606.8127 2107.1605999999997 2151.7575 2189.21 2471.2635 2521.8413 2896.3208 3442.0275

Equation: x3 ^ x3
Residuals:
454.3428316618563 659.3034212764262 699.3811415481284 838.8803836213436 873.3461492510073 952.101025873622 988.4844569933804 1063.9071279183338 1059.7043836200392 1114.286487429927 1050.3765761939176 1227.1365295678797 1152.8057557007783 1567.0636441096715 1311.2130707791027 1310.0827067907967 1303.0935370570687 1021.8787729720163 853.8525238460529 846.4880168103714

Equation: (x0 ^ x2) * x1
Residuals:
395.27420736949557 582.3157290372901 594.5085469120373 682.6225602814128 697.6890772566765 734.3160429214709 673.7359118869985 695.7431980650982 570.2605536022095 394.5089267052881 315.20694618776247 56.78769775748174 361.47010444978105 477.0294483933508 964.0757462708357 2259.7716917274784 3433.1880924417674 5074.994059713632 7946.89308054506 10382.445611008217

Equation: 1500.1658887914532 - x1
Residuals:
1010.142088791453 798.7986887914533 755.4573887914532 603.9359887914532 555.1387887914533 456.49688879145333 400.81608879145324 284.9525887914533 276.4571887914533 136.01628879145323 126.63378879145307 73.85341120854673 115.09371120854667 615.7376112085467 660.4550112085469 698.1459112085467 980.3187112085466 1031.175211208547 1405.7960112085466 1951.7786112085469

Equation: sin(x2) - -1496.9504897970608
Residuals:
1010.0240669664959 798.7006821485579 755.3755183894455 603.877226345252 555.0618265608167 456.49617277427546 400.7850769125505 284.8830268991137 276.43108223999116 135.9643346261439 126.70882073815892 73.77483146223585 114.99518310254052 615.5224488201925 660.1969884909756 697.8248319247318 979.924823866116 1030.6643506783553 1405.1901673847447 1951.02309868814

Equation: (x4 - x4) - -1496.3039762915867
Residuals:
1009.3322762915866 798.0419762915867 754.8410762915867 603.4732762915867 554.7355762915867 456.2085762915867 400.6244762915867 284.8029762915867 276.42357629158664 136.06877629158657 126.82067629158655 73.56122370841331 114.74172370841325 615.2454237084132 659.8916237084134 697.4882237084132 979.5718237084131 1030.3109237084134 1404.8540237084133 1950.6971237084133

Equation: 1496.2505866329582 + (0.01342293964499924 * x4)
Residuals:
1009.3194749178567 798.0303856670128 754.8313004484528 603.4654521438772 554.7284944324396 456.20341659739665 400.6200145902583 284.7999535293882 276.4214797122236 136.0683441567396 126.8217421568038 73.55907326967258 114.73849540761898 615.2400611602154 659.8854423608973 697.4809846332532 979.5630718679552 1030.3009960184424 1404.842334928761 1950.6839745129275

Equation: ((x4 * 1.0134229395699457) - x4) - -1496.2505866332383
Residuals:
1009.3194749179099 798.0303856670591 754.831300448489 603.4654521439024 554.7284944324607 456.2034165974071 400.62001459026465 284.7999535293866 276.421479712217 136.06834415672347 126.82174215677946 73.55907326970305 114.73849540765559 615.2400611602638 659.8854423609503 697.4809846333121 979.5630718680225 1030.3009960185163 1404.8423349288446 1950.6839745130194

Equation: (((x4 - -0.08500250623184857) - x4) * (cos(x4) / x3)) - -1496.3159386516702
Residuals:
1009.3169168371169 798.0271544662703 754.8266956933987 603.4604647670083 554.7239099347095 456.19893897865813 400.6159150896426 284.79644897374646 276.4181473566007 136.0659276085812 126.81997631415629 73.56047210457064 114.73927164528163 615.2399506734912 659.884792838229 697.4799272725247 979.5613850900211 1030.2988764503073 1404.8396802274979 1950.6809835449176

Equation: x0
Residuals:
535.2713 544.7809 607.1084 630.394 980.3802 1012.5714 1141.7272 1163.3597 1280.4571 1353.2520000000002 1453.1517000000001 1510.5034 1666.1613 1700.0058 2317.6072999999997 2486.5197 2745.0155 2916.9248000000002 2938.7124 3214.5177000000003

Equation: x4 ^ x4
Residuals:
509.5981759915504 511.689413601977 559.4495875206401 580.6554501745248 910.3878509236534 918.5045867267442 1019.8697098314946 1027.9232820547818 1087.8535680466641 1139.1550307072127 1189.9782573367966 1112.6326809888994 1252.4236471694253 1122.800778738108 1532.3704257071995 1430.9969445385475 1350.3409252426952 1420.7351997917838 989.4735237349562 582.1999147266542

Equation: (x0 ^ x4) * x3
Residuals:
448.7987741608147 430.689265580819 453.2427158392562 459.8565270782128 729.3072317189896 692.4516889510696 696.896552269664 612.8583760699823 511.3635305019503 442.0871518117124 394.0966712653949 65.49255271755351 145.50489303452946 734.8592933625866 1040.4558737037792 2292.32113273933 3517.7356142627646 4168.329345836836 6832.5172830034535 9493.91179008302

Equation: x1 / 0.0026927308361200442
Residuals:
589.4874726099403 629.9919501536004 610.493208718732 611.1331238988836 296.2397562610565 307.20424800981243 209.84428555614454 241.0403766504105 128.8191373843738 93.0289207666824 52.570490431423195 23.027029774262473 75.31413668314599 97.36129015427832 651.2768891024202 802.9433635539513 1010.2143013574043 1155.8094168714792 1132.248866878158 1370.5919762714198

Equation: (1417.2067422685677 + x2) - x2
Residuals:
878.8800422685678 869.2495422685678 806.8575422685677 783.5069422685677 433.37054226856776 401.1075422685677 271.8097422685678 250.04844226856767 132.8508422685677 59.96074226856763 39.954057731432385 97.42455773143229 253.17955773143217 287.1105577314322 904.8275577314321 1073.8741577314322 1332.4684577314324 1504.4308577314323 1526.3631577314322 1802.2146577314325

Equation: (x1 + 1415.2852488952815) - cos(x1)
Residuals:
880.9899736231658 871.4994896628117 809.2128378232381 785.9153948134732 435.8497035087703 403.66174031674507 274.4114103295792 252.71474665436426 135.52236266644036 62.66679501698877 37.20738467544629 94.66432968527238 250.40066754909708 284.3291241570885 902.0382801499063 1071.0840329675443 1329.6775659778914 1501.6399493212652 1523.5715143056498 1799.4206359662942

Equation: (x3 - -35459.516398349246) / 24.977001514335324
Residuals:
881.4815735429967 871.8542364526819 809.4680538042929 786.1192034138277 435.9898939366792 403.7283632883938 274.43660084257795 252.67894419424078 135.48666508914175 62.59875510382267 37.31341047266733 94.7775446164651 250.5293977215124 284.45815966263376 902.171163986854 1071.2103651804002 1329.8039805505825 1501.7612238066904 1523.6904930185488 1799.5355951328818

Equation: (x3 + (50085.2779149944 + x4)) / 35.28075371339291
Residuals:
881.4656553991209 871.8405010899056 809.4570496601106 786.1082211642146 435.9809961382707 403.72260204894144 274.4321885124541 252.6747376365713 135.4850796437711 62.59778003745873 37.31273717421914 94.77392898305425 250.52624763444214 284.4518452555262 902.162521694476 1071.2005561178319 1329.791264924712 1501.7492347472485 1523.6764696627138 1799.5201523694034

Equation: (58976.22367514993 - -34284.21778030187) / 65.6835879337737
Residuals:
881.517196918098 871.886696918098 809.4946969180979 786.144096918098 436.00769691809796 403.74469691809793 274.446896918098 252.68559691809787 135.4879969180979 62.59789691809783 37.31690308190218 94.78740308190208 250.54240308190197 284.473403081902 902.1904030819019 1071.237003081902 1329.8313030819022 1501.793703081902 1523.726003081902 1799.5775030819023

Equation: 1419.840456754613 - ((0.025429788265386093 / x1) * sin(sin(x1)))
Residuals:
881.5128832924953 871.8834996605977 809.4923767097767 786.142229753363 436.00644111131373 403.74409700432113 274.44671272349046 252.68597344643172 135.488418094194 62.598609429829594 37.31586536186114 94.78626625029233 250.54115368109115 284.4721438877382 902.1891574296235 1071.2357781905152 1329.830175929296 1501.7926455678448 1523.7250946524803 1799.5767447021638

Equation: (cos(x4) + (42123.607355309665 - -31156.284596562113)) / 51.61081881246959
Residuals:
881.5092939597238 871.878672421262 809.4869010931487 786.1363602793775 436.00065113914184 403.738559416906 274.441778690815 252.6809523256536 135.48513032149503 62.595624461499256 37.31795221899392 94.78576474243232 250.5404952632257 284.4691376557025 902.1838659427929 1071.2282344758837 1329.8204185541372 1501.7822857653853 1523.712593948516 1799.5618779096217

Equation: x2
Residuals:
568.2376 590.2281 690.2485 750.5899000000001 756.2079 774.207 893.8087 1229.0344 1250.2178 1352.4451999999999 1678.084 1760.3024 1844.8975 1955.0964 2096.8744 2201.0260000000003 2780.3007 2934.7366 2946.666 3348.5581

Equation: x2 ^ x2
Residuals:
540.7137335566381 552.3245243137784 645.662067094149 700.7324220233244 685.2646755881468 685.9202291894595 781.8212591620863 1087.1107291211165 1062.9360776890996 1147.3656817819203 1365.8966134917994 1400.7921395296146 1339.5347950094424 1357.1822018463163 1305.3430793698321 1292.103406741574 1602.6052138641296 1261.6891216068552 868.0122088944413 657.41331574066

Equation: x2 + (x2 ^ x2)
Residuals:
537.6546335566381 549.1273243137784 642.394867094149 697.4171220233244 681.7980755881467 682.3603291894595 778.1604591620863 1083.3500291211164 1059.0592776890996 1143.4510817819203 1361.8084134917995 1396.6461395296146 1335.2503950094424 1352.8300018463165 1300.878579369832 1287.583906741574 1597.9833138641295 1256.9297216068553 863.1685088944414 652.4700157406601

Equation: x0 ^ (x2 - cos(x1))
Residuals:
475.4635040911264 475.6994367791467 543.2442064734066 581.8659488377755 535.6628648326323 492.0321924931702 557.8072065591448 768.8322072502276 722.757452515389 800.2577008307139 949.3444204162336 1063.8883046433048 896.7757060554931 986.5961578539773 954.4332318448885 1036.244189029447 1476.7595992036913 1327.8864298665699 1117.1557703615686 1526.5640389185692

Equation: 970.6843968547661 - sin(x2)
Residuals:
399.30529773028616 377.3146755476474 277.2939741728113 216.95203193695545 211.32921260244552 193.32371118115884 73.71108895659893 261.5303947276194 282.7394621880684 384.977112051753 710.6763657671221 792.9201590413556 877.5877008987824 987.8283729111878 1129.6850706082323 1233.8796486170036 1813.2422944801347 1967.8127079597207 1979.8339120565088 2381.843544846246

Equation: 1513.894279649714 - (x3 * x3)
Residuals:
933.3851406097141 910.4498555597141 809.793317399714 748.926138439714 742.027112409714 723.579490359714 603.035766839714 267.37215464971405 244.67458083971405 142.00221043971396 185.006020350286 267.42814119028594 352.96459971028594 464.4994471102859 607.4085379602861 712.7110591602861 1292.2223740402858 1448.275507240286 1460.661180710286 1864.455351390286

Equation: 1234.5725500560268 - -263.16164030181227
Residuals:
926.437490357839 904.308890357839 804.218490357839 743.828990357839 738.059690357839 719.967290357839 600.264690357839 264.93909035783895 243.6395903578391 141.37439035783905 184.43800964216098 266.714209642161 351.44770964216104 461.71440964216094 603.6047096421612 707.8113096421612 1287.1884096421609 1441.761809642161 1453.775509642161 1855.767209642161

Equation: 1497.7332609108728 - (x0 * -0.0002338566368129053)
Residuals:
926.4372813997851 904.3086892807538 804.218319097475 743.8288382269478 738.0595569588646 719.9671894883228 600.2646082670107 264.93904844358076 243.63957073011852 141.3743782135307 184.43799821372022 266.71417964550324 351.44763970278973 461.7143213450438 603.6045922532783 707.8111676047888 1287.1882401734051 1441.7616214648742 1453.7752944544327 1855.766976283772

Equation: ((x3 - -1.9776026952202802e6) - x2) / 1320.3962819234184
Residuals:
926.4375017651781 904.3088957063911 804.2185094901316 743.8290280451673 738.0597389509843 719.9673065364731 600.2647185783125 264.93907768149916 243.63962918119 141.3744399355371 184.43797877096813 266.7142090649038 351.44774072206656 461.7143798312559 603.6046774077413 707.8112274227474 1287.1883939179359 1441.761778392294 1453.775512775911 1855.7671487042371

Equation: (1234.5986332124276 + (-0.20202745816927076 / x4)) - -263.1877117477229
Residuals:
926.4224927387214 904.2973038469878 804.2082754065046 743.8203884768806 738.0532404121944 719.9632043671521 600.2609173079153 264.9377631710918 243.63973232996432 141.3755961143711 184.43631774952087 266.7107797964202 351.44352660706454 461.7088148006683 603.5976464286027 707.8033439893388 1287.1795296372939 1441.75217013027 1453.764711735483 1855.7559231585876

Equation: ((0.013921924607758512 * x4) + 1498.4983752593994) - cos(cos(cos(-60.10742121786132)))
Residuals:
926.4241350574056 904.2977764872675 804.2083468454124 743.8200441309287 738.0524439979234 719.962061284799 600.2597411154837 264.93644101742893 243.63842648678474 141.37435555487036 184.43751262760975 266.71172457677585 351.4443182594839 461.7092404297114 603.5975732617646 707.8028994056629 1287.1786545477455 1441.7508934592333 1453.762740451068 1855.753627410671

Equation: ((0.02064461583938214 * cos(x4)) + 309.30230323570066) - (5.337243346080159 * -222.66990385764686)
Residuals:
926.4286039324448 904.2998293950938 804.2095196209738 743.8202683620165 738.0515785584054 719.960282044938 600.2578665054856 264.93405669447156 243.63595691965452 141.37193783367456 184.43987348303426 266.71370646273067 351.4460494966984 461.71036270372815 603.597880507255 707.8026248374597 1287.177739808047 1441.7494185501587 1453.760388208662 1855.7509071993068

Equation: (415.63577543835254 - (-136.83698907964376 * 7.908022515071903)) - (sin(65.99409181257923) * cos(x4))
Residuals:
926.4286039304587 904.2998293930685 804.2095196189688 743.8202683600672 738.0515785565923 719.9602820433716 600.2578665039606 264.93405669334675 243.63595691884257 141.3719378331266 184.43987348345058 266.71370646261767 351.4460494963266 461.710362702823 603.5978805057277 707.8026248355175 1287.177739805661 1441.7494185473881 1453.760388205281 1855.7509071956617

