Selected Best Function: 4, x0*(x0*x0 + x0) + x0
Train MSE: 0.0007991351582640246
Train NMSE: 1.2255129946179978e-14
Test MSE: 0.000866954970922494
Test NMSE: 7.759516469303815e-15
***************************************************************
Train Residuals: [0.00190659 0.02629829 0.03097253 0.02797135 0.01987842 0.01507466
 0.00079114 0.0092661  0.01209417 0.01918873 0.00779827 0.03678033
 0.03446288 0.00633106 0.04270317 0.03408167 0.0232524  0.00566412
 0.01644022 0.05311137 0.07591636 0.01136136 0.00936714 0.03622975
 0.01628922 0.02941768 0.02189942 0.04161296 0.01026303 0.00849049
 0.01007351 0.02618208 0.03279602 0.04053389 0.03087963 0.0324139
 0.01729299 0.00712459 0.05802654 0.04419847 0.02881979 0.03314928
 0.00493265 0.01854784 0.02349702 0.00102654 0.0044589  0.03075538
 0.0663487  0.02035023 0.0335445  0.02936593 0.05304793 0.00447725
 0.05079917 0.01855883 0.00318831 0.00210031 0.02753324 0.01080119
 0.03077854 0.012236   0.02365618 0.0024077  0.05544382 0.02468228
 0.02424598 0.01541192 0.02235475 0.00524509 0.01402069 0.00027649
 0.02868282 0.01629793 0.04758902 0.0071352  0.01825974 0.02391902
 0.02102882 0.00849622]
***************************************************************
Test Residuals: [0.00551632 0.05912261 0.02010204 0.05518009 0.02154225 0.00248634
 0.03147262 0.06365115 0.00144136 0.00940523 0.02010623 0.02211378
 0.00281418 0.00276708 0.03280428 0.03955343 0.03366462 0.00306725
 0.00757104 0.00346208]
***************************************************************
