Selected Best Function: 8, x0*(x0*x0 + x0)*(x0*x0*x0 + x0)
Train MSE: 18504190.564685713
Train NMSE: 4.0905519036143325e-16
Test MSE: 25121228.35594776
Test NMSE: 2.431139830931216e-16
***************************************************************
Train Residuals: [2.13648208e+01 2.54436417e+03 3.59641604e+02 6.36297687e+03
 3.66739962e+03 7.29186652e+03 8.61243977e+02 1.09074536e+03
 2.87150125e+03 5.82746048e+03 4.96288260e+01 1.37509258e+03
 1.86515932e+02 4.29140041e+03 3.72013334e+03 2.44782582e+03
 4.83034373e+03 5.49052509e+03 3.35328594e+03 3.39739347e+03
 8.47450989e+03 2.27353042e+02 6.87772272e+03 8.99310254e+03
 8.00345941e+03 4.80328713e+02 1.39493740e+02 5.22394891e+03
 1.37145280e+03 1.66863688e+03 6.61998898e+02 9.50832935e+03
 3.35939435e+03 3.78535828e+02 2.69821132e+03 8.39137077e+02
 2.48353514e+03 5.97889944e+03 4.94804739e+03 6.71919189e+03
 5.62472485e+03 2.52065099e+00 5.84224210e+03 1.32456418e+03
 7.68742902e+03 2.05167708e+03 3.39681851e+02 4.25495909e+03
 1.46944560e+01 5.59418857e+03 1.23827102e+02 1.89298111e+03
 6.75086115e+01 2.36646341e+03 6.14617773e+03 7.52896753e+03
 4.51361497e+03 8.53653652e+02 5.26912432e+02 3.05311308e+03
 4.69469432e+03 2.24404537e+03 7.81477393e+03 1.09048256e+02
 1.64097929e+03 7.26314466e+02 6.19006854e+03 3.20167591e+03
 4.89540364e+03 5.65786808e+02 1.32381750e+02 9.46481848e+03
 8.10172585e+02 1.94986628e+03 9.94083557e+03 2.18357909e+03
 7.69249738e+02 3.22503558e+03 5.92688224e+02 5.02660086e+00]
***************************************************************
Test Residuals: [3131.41279984 2303.37887383 9289.30187988 2557.28019524 1921.08055878
  357.2877318  5062.45388794 9892.27380371 1910.27001667 3474.67276764
 9112.56323242  118.72464629 9167.85974121   96.44965116 7759.74304199
  222.00822496 2461.32574272  277.74654179 3900.88393402 1652.06713867]
***************************************************************
