Selected Best Function: 11, 0.9999982*x0**2*(x0**2 + x0 + 0.032509964) + x0**2 - x0 - log(x0) - sin(x0) + 31.912066
Train MSE: 99.37457334730911
Train NMSE: 1.2278186303238256e-13
Test MSE: 41.744580492556125
Test NMSE: 8.029474074635284e-14
***************************************************************
Train Residuals: [ 1.60488149  7.2514676   5.36544467  0.28433576  5.75217194  1.47642441
  1.47473766  1.40398054 24.77821472  3.49998759  1.37621658 23.12813166
  1.63760453  1.07406162 20.22295319  1.23061223 11.06988663 27.01162861
  3.74264171 26.26365165  5.30436906  2.03113305  4.32889989  4.06132665
  3.20015991 13.4439904   0.83718672  0.93866296  3.58917422  0.13883351
 10.44765964  3.30046722  4.38112675  0.31745505  4.06434837  1.04641732
  4.39165748  2.45203465  2.99317408  1.89826037 20.12576311 25.12453435
  3.15874327  0.94175842  2.59123019 24.83756699 12.76578619  4.10450146
 18.55152757  2.51307455  2.75444215  2.61293254  4.32681168  2.93063512
  2.03266496  3.36670274 25.28953337  2.62136558  5.41003446  0.2052205
  0.16796219  9.89599521 10.21219102  2.42654749  1.05832797 11.40907729
 28.74733477  0.13988573  4.62001888  0.90522993  5.19106959  5.52312166
  1.91836579  0.10199612  2.17307063  3.77901362  0.45246955  4.15666055
  2.39575806  0.28374492]
***************************************************************
Test Residuals: [11.51401858  6.03420947  2.60318132  3.19923726 22.4715818   1.06456557
  0.99152132  3.81274806  3.27226207  2.61340335  3.62666646  0.9179301
  5.28844287  4.49737393  2.30726543  3.12777972  3.92000639  0.14629407
  4.12329831  0.21766229]
***************************************************************
