Selected Best Function: 9, (x0*x0 + x0)*(x0*x0 + x0*x0*x0*x0)
Train MSE: 21192598.181427352
Train NMSE: 3.0895511427409255e-16
Test MSE: 16425438.91648804
Test NMSE: 4.1979871586120475e-16
***************************************************************
Train Residuals: [4.25348969e+03 7.92155103e+03 1.60371250e+03 3.43149530e+03
 2.42240314e+02 3.33923759e+03 2.92889763e+03 2.41711438e+03
 1.71865201e+01 7.55542737e+03 5.10685335e+03 2.06541015e+01
 2.56549667e+03 6.27139215e+03 9.28072180e+03 4.92437889e+03
 1.48655885e+02 1.00403312e+04 1.43384150e+03 9.98083899e+03
 1.03792347e+03 5.16366710e+03 4.63662454e+03 1.04431944e+03
 3.88687344e+03 8.31178466e+01 4.15070432e+03 6.34019110e+02
 5.59977280e+03 5.89890170e+02 8.55100562e+03 6.95332633e+02
 1.79147731e+03 6.36592291e+03 8.09437067e+02 2.45625090e+03
 2.17963135e+03 6.46116064e+03 1.75807618e+03 6.25570569e+03
 3.52656086e+01 9.76421350e+03 7.81483608e+02 6.33433405e+03
 9.68864290e+02 9.86238501e+03 8.69825940e+03 2.14277331e+03
 4.80594623e+01 4.26642627e+03 9.44341097e+02 2.54545705e+03
 1.01253611e+03 1.79987673e+03 5.90034036e+03 1.96319700e+03
 8.08707520e+00 7.50383105e+03 1.09619426e+03 4.62774360e+02
 3.35070106e+03 8.33248218e+03 8.38684778e+03 6.74580499e+02
 4.18910150e+03 8.64289185e+03 2.30713571e+00 5.94714761e+02
 1.42634558e+03 3.16964264e+03 7.76358014e+03 1.57999538e+03
 3.72790265e+03 3.22568332e+03 8.49390927e+02 7.98196787e+02
 6.19132696e+02 7.00569750e+02 2.57554597e+03 3.50151350e+03]
***************************************************************
Test Residuals: [ 136.80848644  239.16377721 4994.16847229  748.58770585 9549.96472168
 6832.78924561 3454.75605011  764.94729435  962.70394826 4396.87225342
 5570.14813232 6898.4810791  1076.59387136 1176.36350989 2615.92928314
  754.02132368  354.78229242  437.53867702 5540.60211182 3560.40215302]
***************************************************************
