Selected Best Function: 6, (x0*x0 + x0)*(x0*x0*x0 + x0)
Train MSE: 3423.612229253634
Train NMSE: 4.604097874219471e-16
Test MSE: 2963.12109402855
Test NMSE: 6.666327197647551e-16
***************************************************************
Train Residuals: [64.06427979 89.53368473 38.70136406 57.58161867 14.96134413 57.2144984
 53.06515193 48.33015162  4.24455931 86.8025465  71.19474888  3.33827224
 50.19169617 79.23320436 96.17542458 69.7832942  12.26734816 99.51730537
 37.45619234 99.32483292 32.18915975 71.15733147 67.27101922 31.81230216
 62.26890588  8.9127178  64.09241319 24.89069357 74.25520849 24.10744906
 92.46452141 25.43687114 41.99709076 79.17948103 27.97906015 49.11465567
 45.58274966 80.44695091 41.37350374 78.53011513  6.02541691 98.78912544
 28.15514339 77.56137323 30.99045123 98.155056   92.11497593 45.10883188
  7.43594172 64.74738312 30.69560077 50.29096931 31.53045321 42.06486721
 76.42187357 43.64742863  2.18420716 86.60282135 32.84478855 20.52115292
 57.71245265 90.24870682 91.51664352 26.12332411 63.35540295 92.23886395
  0.15155679 23.20759576 37.40009816 56.72471058 88.13253403 40.11577436
 60.06897759 55.61323476 29.07124947 27.67304663 24.7912733  25.7424344
 50.93878621 58.67260766]
***************************************************************
Test Residuals: [11.15405911 14.76850044 70.36762118 26.98209001 97.16209221 82.62892437
 58.08793092 27.57259372 30.74613497 65.90099907 74.33047342 82.24698353
 32.61531385 33.79474266 51.03845924 26.60194408 18.58475113 21.17229665
 74.21649933 58.64952648]
***************************************************************
