Selected Best Function: 5, sin(x0) + sin(x0 + x0*x0)
Train MSE: 0.00015580980992525322
Train NMSE: 0.0001468880740369627
Test MSE: 0.00010497354368709235
Test NMSE: 0.00011197703329276452
***************************************************************
Train Residuals: [0.0080518  0.00363759 0.02238825 0.00033322 0.00349465 0.01708712
 0.0140575  0.00108324 0.00536899 0.02232411 0.00340058 0.00443358
 0.01309873 0.00156521 0.01324481 0.01401844 0.01638495 0.01166254
 0.01473659 0.00702897 0.01009742 0.0143748  0.0103905  0.0053723
 0.01229083 0.01252439 0.0046561  0.01000046 0.03390048 0.00625092
 0.01353037 0.01509405 0.02611021 0.01096831 0.00400344 0.00762911
 0.00243147 0.00247129 0.01121819 0.00143864 0.01140966 0.01258906
 0.00102744 0.0091159  0.00965011 0.00064924 0.01639555 0.00449695
 0.00142996 0.0066241  0.01464405 0.00721912 0.03137828 0.00367519
 0.01911371 0.00484295 0.00608999 0.00754453 0.02210886 0.00945789
 0.00754889 0.01006316 0.01103925 0.01731922 0.02750409 0.0137847
 0.01056228 0.00151941 0.01178571 0.02329289 0.01218197 0.00304784
 0.00868003 0.01325069 0.00369897 0.00345941 0.00929811 0.00234532
 0.01144262 0.0032273 ]
***************************************************************
Test Residuals: [1.37793150e-02 6.91310329e-03 1.16881494e-02 7.36474384e-03
 1.15380342e-02 9.84557351e-03 1.55012659e-02 3.64925805e-05
 8.29184959e-03 4.01780213e-04 2.63556377e-03 3.06423286e-03
 6.60814367e-03 9.32519948e-03 2.14219375e-02 1.60578537e-02
 9.54870410e-03 1.28818151e-02 1.95614939e-03 2.65096486e-03]
***************************************************************
