Selected Best Function: 7, (x0*x0 + x0)*(x0*x0*x0 + x0)
Train MSE: 3422.0633087175024
Train NMSE: 4.60201487495059e-16
Test MSE: 2955.447622787622
Test NMSE: 6.649063687651118e-16
***************************************************************
Train Residuals: [64.72068    88.50452518 39.54951078 58.08105898 15.07205122 57.28825521
 53.62157989 48.66670543  3.67571436 86.42337513 70.96400857  4.07208092
 50.15320247 78.69365549 95.83776188 69.675668   11.70271104 99.7027092
 37.36936688 99.40543365 31.72067325 71.36040664 67.5945785  31.8197628
 61.84677744  8.63062089 63.92785215 24.68472962 74.33330202 23.79284689
 91.97299767 25.8739396  41.82884496 79.28833246 27.95501412 49.06314152
 46.18916959 79.88290834 41.43239199 78.59462118  5.459502   98.31531715
 27.45947286 79.0901041  30.6305727  98.81078339 92.76580048 45.79282895
  6.45054403 64.81984544 30.23422997 49.95503712 31.32427613 41.92793837
 76.31528091 43.8108266   2.38738694 86.12608624 32.61258698 21.01799403
 57.3874141  90.78383255 91.08106709 25.47753441 64.22525048 92.46852589
  1.09909692 23.89189468 37.27034423 55.80176151 87.61260033 39.25226134
 60.55856133 56.29726791 28.64861152 27.75680483 24.38741159 25.97299919
 50.25228018 58.67568827]
***************************************************************
Test Residuals: [11.20718935 14.97301304 70.17117572 26.8648523  97.22523117 82.16217852
 58.27933848 27.16217923 30.53147977 65.81079245 74.13510752 82.55864668
 32.31532031 33.80176607 50.64863837 26.96402338 18.34234079 20.42341313
 73.93693542 59.1711545 ]
***************************************************************
