Selected Best Function: 4, log(x0*(x0**2 + x0))
Train MSE: 0.01678962026397555
Train NMSE: 0.0025492942073947608
Test MSE: 0.008834537255179267
Test NMSE: 0.0025234418938479162
***************************************************************
Train Residuals: [0.01463174 0.10616208 0.14674736 0.0283872  0.09805058 0.08626965
 0.17445586 0.06420216 0.08982104 0.11455126 0.01463522 0.11335529
 0.19525268 0.08360071 0.14358039 0.20088959 0.06391925 0.01538173
 0.04228955 0.15016213 0.10945773 0.14525863 0.01648035 0.03392873
 0.19919085 0.12318569 0.04251283 0.05126922 0.19926657 0.08174532
 0.05230051 0.11126476 0.22138321 0.08122344 0.141712   0.20198378
 0.15615266 0.15661667 0.05866284 0.04115835 0.12129781 0.04630228
 0.01351502 0.03767465 0.05881809 0.01100138 0.09726112 0.05513533
 0.07289903 0.10087849 0.03090637 0.05486017 0.024693   0.12013988
 0.05937669 0.07219715 0.07478808 0.05121277 0.11828555 0.08227435
 0.13182015 0.02854582 0.27664868 0.00567072 0.02980335 0.0115065
 0.64634536 0.05504601 0.01926556 0.20877788 0.09866334 0.10162551
 0.17739349 0.09890056 0.07719159 0.05351106 0.08946759 0.01410621
 0.04907041 0.12195946]
***************************************************************
Test Residuals: [0.01278303 0.12804354 0.04825968 0.08276071 0.07346061 0.06056037
 0.0589428  0.00667094 0.0138545  0.01651945 0.24571895 0.04350884
 0.08108188 0.08931526 0.02963411 0.21156169 0.05144055 0.06476558
 0.03619413 0.08542063]
***************************************************************
