Selected Best Function: 3, -0.992544200000000
Train MSE: 0.31600848286835925
Train NMSE: 1.000000000769939
Test MSE: 0.25635485327641716
Test NMSE: 1.0148771510886376
***************************************************************
Train Residuals: [0.11196567 0.05947049 0.08278186 0.20627339 0.781773   0.17003999
 0.1884033  0.521103   0.05932491 0.06717615 0.66134026 0.31401035
 0.86416862 0.36892079 0.05954874 0.72721185 0.00696159 0.29543446
 0.93422465 0.22580476 0.4720178  0.86411789 0.37497254 0.99028537
 0.27027836 0.67008104 0.02357705 0.83287071 0.45630483 0.55893335
 0.45808539 0.7221144  0.0708001  0.60895169 0.23854221 1.0044459
 0.07050697 0.65768369 0.98837528 0.01905196 1.02347599 0.15032893
 0.06679725 0.23565057 0.14648944 0.60414836 0.69821358 0.95941073
 0.05363008 0.00573941 0.09696619 0.54050436 0.4479941  0.07421389
 0.27494553 0.9125585  0.34468505 0.81180698 0.97540565 0.01560189
 0.81898072 0.43370694 0.54831612 0.94978035 0.31315487 0.9900824
 0.92319816 0.98307329 0.54591005 0.21238727 0.60553381 1.08803299
 0.45595815 0.09093445 0.12403443 0.12622844 0.23387335 0.6462058
 0.41779391 0.25045674]
***************************************************************
Test Residuals: [0.59902908 0.38537684 0.06934981 0.1087129  0.18398341 0.77980041
 0.58938698 0.82045216 0.08027181 0.77055019 0.31938712 0.74673986
 0.30664708 0.43151184 0.62719834 0.40459213 0.43626843 0.01633265
 0.80659486 0.04838761]
***************************************************************
