Selected Best Function: 4, sin(x0) + sin(x1*x1)
Train MSE: 0.0498212829389099
Train NMSE: 0.04698927628683071
Test MSE: 0.04409738565532716
Test NMSE: 0.042872635497348224
***************************************************************
Train Residuals: [1.63722850e-02 1.21251400e-01 1.07768055e-01 1.01161797e-01
 2.40346197e-01 2.57711168e-02 2.40930700e-01 1.28655966e-01
 4.52733511e-02 2.97935245e-01 4.41813653e-04 1.98089259e-02
 1.92949163e-01 3.84672287e-02 4.38362385e-01 7.66221343e-02
 1.78549764e-01 1.29565335e-01 1.27822838e-01 4.08201092e-01
 4.46818876e-01 8.43226329e-02 1.60586138e-01 2.22950110e-01
 9.65786581e-02 1.82578695e-02 2.13348704e-01 4.22146626e-01
 4.71497356e-02 1.05721238e-01 1.51920354e-01 7.94957551e-02
 3.47220948e-02 6.40060855e-02 1.68889842e-01 9.14944410e-04
 6.16291954e-02 8.62415086e-02 2.86463711e-01 5.19813011e-01
 9.42252074e-02 2.05014480e-01 1.02998431e-01 2.67686940e-01
 1.38131276e-01 9.83703046e-02 5.13720312e-02 3.11390129e-01
 2.51125630e-01 7.04957859e-02 8.66893416e-02 7.05739829e-01
 9.83117812e-03 2.20741036e-01 3.18891993e-01 3.35238141e-01
 1.68696715e-01 4.20213320e-02 2.32902380e-01 1.58650221e-01
 1.50627404e-01 1.06064387e-01 8.66092223e-02 2.44639667e-01
 2.18625795e-01 2.52301338e-01 4.96360067e-02 1.96425033e-01
 6.83583769e-02 3.53116649e-01 3.50310498e-01 2.67004637e-01
 5.00118332e-01 2.58700603e-01 2.27757544e-01 2.41527879e-01
 1.49955420e-01 6.64301372e-03 1.93076349e-01 1.69087735e-01]
***************************************************************
Test Residuals: [0.00409628 0.16524585 0.17148476 0.34976351 0.2621334  0.05546192
 0.26548602 0.16756308 0.17850576 0.1370322  0.08187    0.21403835
 0.22858674 0.44002843 0.26021798 0.04513508 0.09180579 0.16196716
 0.15099272 0.23725062]
***************************************************************
