Selected Best Function: 8, (x0 + cos(-x0 + x0))*(x0*x0*x0 + x0)
Train MSE: 0.00978640834543448
Train NMSE: 1.483792562303402e-17
Test MSE: 0.005237303367489715
Test NMSE: 1.2258642429086029e-17
***************************************************************
Train Residuals: [1.22667408e-01 1.94898844e-02 2.08717145e-01 8.63988977e-03
 9.62933525e-02 1.73206730e-02 6.03969544e-02 5.60599864e-02
 1.33395445e-01 4.52617994e-02 1.74978767e-02 1.13476088e-02
 1.54081972e-02 4.88296950e-02 8.50746781e-02 1.52082970e-01
 3.37468762e-02 1.52663466e-01 2.94655813e-02 7.42025545e-02
 1.15124665e-01 5.58561087e-03 7.41836876e-02 2.66518779e-02
 7.71575782e-02 2.03123108e-01 7.31037725e-02 1.12147549e-01
 2.60041654e-03 3.40567902e-02 1.29754694e-02 9.55163219e-02
 2.50979717e-01 1.78378876e-01 9.24910828e-02 5.39147779e-02
 1.27669161e-01 1.64388418e-01 1.39446153e-01 1.55565646e-01
 1.10952066e-01 1.64440230e-01 2.92637944e-03 1.02581829e-01
 1.21585466e-01 4.68050428e-02 1.41598674e-02 2.58410871e-02
 8.91450783e-02 1.13270767e-01 1.49764635e-01 5.23850212e-02
 1.29753058e-01 2.03879021e-01 2.72920691e-02 7.56984148e-02
 1.89673059e-01 4.81615923e-02 3.65240648e-02 2.45287456e-02
 9.57823041e-02 2.56075412e-02 8.70374864e-02 1.01015489e-01
 6.16098486e-03 7.31293112e-05 1.83157921e-02 2.22658175e-02
 6.20782605e-02 8.03164095e-02 6.01993666e-02 8.05573892e-02
 1.85519833e-02 1.69472649e-01 5.66796367e-02 2.35485513e-02
 1.05746698e-01 8.21680424e-02 3.94264993e-04 1.28925335e-01]
***************************************************************
Test Residuals: [0.06263015 0.13039038 0.0091875  0.07390529 0.07872418 0.03300245
 0.01857149 0.16362239 0.08378747 0.00057606 0.03576539 0.10553683
 0.01101644 0.01363178 0.03706135 0.05947996 0.04685558 0.05897207
 0.02297047 0.11408061]
***************************************************************
