Selected Best Function: 6, (cos(x1) + cos(x1))*sin(x0)
Train MSE: 0.2184479058763479
Train NMSE: 0.17885755080583787
Test MSE: 0.2865957764046265
Test NMSE: 0.1877564322785777
***************************************************************
Train Residuals: [0.16227897 0.38795061 0.1121433  0.0554192  0.78252774 0.5571768
 0.02031153 0.6584453  0.81357507 0.18205235 0.72657436 0.44298168
 0.14801894 0.02336644 0.0365539  0.14216297 0.27501202 1.1954859
 0.34996182 0.45759183 0.08968655 1.05464974 0.56240819 0.58854627
 0.33838574 0.82006519 0.57004102 0.92094164 0.08308013 0.2640338
 0.82152244 0.43492881 0.11447056 0.29253236 0.93231222 0.48878663
 0.11532759 0.23940505 0.39423927 0.5922603  0.34405541 0.31618479
 0.03362022 0.09573262 0.02550147 0.74756148 0.25569886 0.72952421
 0.66939378 0.45680774 0.35915027 0.10918117 0.18233188 0.18741014
 0.27806796 0.46107928 0.22794724 0.42797128 0.60344768 0.41264027
 0.04555763 0.02893794 0.65348945 0.18192352 0.00240673 0.18721965
 0.45873783 0.39736601 0.21599447 0.34795966 0.53954302 0.72757684
 0.28082069 0.05661736 0.1059979  0.26392323 0.26640466 0.50124385
 0.36348597 0.61329918]
***************************************************************
Test Residuals: [0.46177848 0.67706815 0.04503316 0.33935397 0.70764479 0.9518022
 0.1073092  0.60126784 0.00941637 0.35885041 0.86092786 0.27373753
 0.35201789 0.14743918 0.62352321 0.80997416 0.42101911 0.45232918
 0.43813457 0.67381948]
***************************************************************
