Selected Best Function: 3, sin(x1 + x1)
Train MSE: 0.05020982567565045
Train NMSE: 0.0834039616861649
Test MSE: 0.10075192813683793
Test NMSE: 0.16795063955896214
***************************************************************
Train Residuals: [0.13215645 0.11224597 0.21031998 0.06528904 0.39459502 0.46735784
 0.06467782 0.32497868 0.23106987 0.064775   0.34237492 0.35502043
 0.18291006 0.32688365 0.2212286  0.02717855 0.04369063 0.09035766
 0.11008113 0.13637787 0.01221119 0.19859043 0.28498733 0.35237514
 0.12243492 0.02841353 0.04326461 0.06972749 0.13617522 0.12340389
 0.16423604 0.08753659 0.24083577 0.01829588 0.12645236 0.14680921
 0.14083131 0.07850346 0.15472956 0.2069395  0.09848437 0.26195001
 0.25910036 0.27626255 0.08627335 0.05656795 0.50297821 0.27355701
 0.17970194 0.44282932 0.0367926  0.14481663 0.24002862 0.28372303
 0.01961491 0.03394797 0.13567608 0.47335871 0.12575919 0.40025088
 0.04863699 0.13103991 0.18243584 0.35131876 0.13867642 0.26924026
 0.1856562  0.0352282  0.02084023 0.13721635 0.40963086 0.01234791
 0.32081071 0.09637401 0.00412442 0.40920858 0.0834632  0.21303287
 0.42699788 0.15422297]
***************************************************************
Test Residuals: [0.19386199 0.41282052 0.04274542 0.24334248 0.03553767 0.13964469
 0.2290117  0.16031397 0.44172835 0.02718366 0.83171422 0.47243465
 0.43034824 0.05827811 0.08911156 0.18748044 0.10968144 0.47921252
 0.17112649 0.18338889]
***************************************************************
