Selected Best Function: 10, x0*(x0*x0 + x0)*(x0*x0*x0 + x0)
Train MSE: 21192311.115985952
Train NMSE: 3.0895092930648013e-16
Test MSE: 16424548.167177806
Test NMSE: 4.1977595023450673e-16
***************************************************************
Train Residuals: [4.25340186e+03 7.92131482e+03 1.60375570e+03 3.43111555e+03
 2.42213937e+02 3.33933492e+03 2.92922417e+03 2.41721569e+03
 1.77030100e+01 7.55544806e+03 5.10642667e+03 2.07337981e+01
 2.56547627e+03 6.27115625e+03 9.28056116e+03 4.92419850e+03
 1.48358701e+02 1.00408777e+04 1.43385817e+03 9.98083447e+03
 1.03784526e+03 5.16347838e+03 4.63671765e+03 1.04450385e+03
 3.88661971e+03 8.29923244e+01 4.15105388e+03 6.33875457e+02
 5.59943515e+03 5.90187599e+02 8.55115771e+03 6.95241214e+02
 1.79174070e+03 6.36542712e+03 8.09254317e+02 2.45608910e+03
 2.17992199e+03 6.46125800e+03 1.75813067e+03 6.25576782e+03
 3.50809939e+01 9.76392285e+03 7.81677957e+02 6.33403015e+03
 9.68711362e+02 9.86267529e+03 8.69839429e+03 2.14301838e+03
 4.77678805e+01 4.26629523e+03 9.43978381e+02 2.54518236e+03
 1.01278066e+03 1.80027838e+03 5.90023013e+03 1.96301286e+03
 8.31398974e+00 7.50384711e+03 1.09577248e+03 4.62864987e+02
 3.35058002e+03 8.33281372e+03 8.38696118e+03 6.74529250e+02
 4.18922008e+03 8.64252368e+03 2.44147094e+00 5.94678148e+02
 1.42595256e+03 3.16989074e+03 7.76319525e+03 1.57971613e+03
 3.72752008e+03 3.22554134e+03 8.49213089e+02 7.98348190e+02
 6.19339306e+02 7.00563684e+02 2.57552831e+03 3.50140945e+03]
***************************************************************
Test Residuals: [ 136.57625213  239.12382453 4993.8946228   748.65625751 9549.66638184
 6832.5123291  3454.68782043  765.20162749  962.57962108 4396.90019226
 5569.59475708 6898.28961182 1076.45624018 1176.39590788 2615.72779083
  753.9212144   355.08903064  437.65313794 5540.97119141 3560.44173431]
***************************************************************
