Selected Best Function: 3, -(-x0 + x1) + sin(x0 + x1)
Train MSE: 1.0285798156928844e-09
Train NMSE: 1.9244070012017696e-09
Test MSE: 1.0053774134651013e-09
Test NMSE: 2.186052931078329e-09
***************************************************************
Train Residuals: [1.85424756e-05 1.97787498e-05 2.91591340e-05 2.82719950e-05
 1.55067160e-05 3.06826878e-05 1.41198620e-05 5.43777546e-05
 1.72551415e-05 1.94329557e-06 5.53926781e-05 2.29957462e-05
 1.02547311e-05 6.02062680e-05 4.81846362e-05 2.32700997e-05
 2.39260534e-05 1.02788721e-05 5.56688098e-05 1.46630000e-05
 1.08768045e-05 2.48956165e-05 1.84946278e-05 2.88361907e-05
 2.24263598e-05 3.78696083e-06 4.93577494e-05 1.10425868e-05
 3.18872983e-06 2.25578414e-05 5.14309814e-05 3.95558621e-05
 1.90386120e-05 2.80144626e-05 1.19278077e-05 4.12453287e-06
 1.02753592e-05 5.76978050e-05 8.10680549e-06 2.27649966e-05
 1.57359272e-06 1.82120612e-05 5.30975897e-05 5.66356273e-05
 8.59311042e-07 1.31106232e-05 2.07078777e-05 2.35100946e-05
 4.56387387e-05 4.66503146e-05 6.80641604e-05 1.34819291e-05
 1.95319668e-05 6.86863802e-05 1.59477181e-05 8.75509728e-06
 1.30687290e-07 2.97299184e-05 2.72208521e-05 3.65061806e-05
 2.72855129e-05 3.02457124e-05 4.88860346e-05 4.69599408e-05
 8.69769578e-06 1.15040471e-05 2.14287146e-05 4.18142715e-05
 1.15295459e-05 2.62987146e-05 8.59043129e-06 1.40021443e-05
 9.62637848e-06 1.38496970e-06 5.45200171e-05 1.12093613e-05
 6.46078872e-05 5.84751266e-06 6.18951875e-05 8.08063779e-06]
***************************************************************
Test Residuals: [3.28701144e-05 1.60410520e-05 9.97405464e-06 4.32005500e-05
 1.39573111e-05 5.06011360e-05 4.06953207e-05 2.64947445e-05
 7.44188510e-06 4.46267532e-05 1.04000488e-05 5.20314431e-05
 4.24027893e-05 8.98835304e-06 4.46173665e-05 2.62116636e-05
 2.73844520e-05 1.23995250e-05 4.53726842e-07 3.69849461e-05]
***************************************************************
