Selected Best Function: 5, sin(x0) + sin(x0*x0 + x0)
Train MSE: 0.010538276444265415
Train NMSE: 0.009788778749766627
Test MSE: 0.012488941031138696
Test NMSE: 0.01576957080920305
***************************************************************
Train Residuals: [0.22696781 0.25230182 0.07666851 0.10130623 0.19171017 0.1228829
 0.02543018 0.07593345 0.02441218 0.13047153 0.13789766 0.16636221
 0.18566741 0.12637587 0.11094822 0.12392968 0.07786534 0.0904591
 0.03630675 0.04733163 0.0073006  0.13435158 0.0852583  0.2932716
 0.04884947 0.13379705 0.00123022 0.10200303 0.09680177 0.0165846
 0.06737044 0.0119109  0.12283756 0.02785402 0.16045062 0.05556857
 0.1563464  0.06058982 0.05429919 0.09624524 0.0607602  0.01180155
 0.06722434 0.098251   0.11360331 0.0262296  0.06473445 0.0380833
 0.0252957  0.0588241  0.11214466 0.04351945 0.08161293 0.00478587
 0.14847981 0.03438366 0.00757234 0.03205866 0.03949563 0.02500495
 0.16737191 0.05781756 0.03298896 0.04295489 0.13798306 0.11218654
 0.00213602 0.02265786 0.00387948 0.08459274 0.00415654 0.107127
 0.07126413 0.18762893 0.08639533 0.01698377 0.01201556 0.1246976
 0.04576688 0.10918257]
***************************************************************
Test Residuals: [0.13047974 0.11398505 0.01235116 0.07231218 0.11001559 0.12133375
 0.0851528  0.07261315 0.03311294 0.18679583 0.13880771 0.00204154
 0.0839859  0.09570604 0.16355376 0.07544424 0.15705047 0.18380621
 0.09854681 0.05434885]
***************************************************************
