Selected Best Function: 5, x0**(x0/(x0 + x0))
Train MSE: 0.0008871321376921458
Train NMSE: 0.0001771402625895998
Test MSE: 0.0010372370452733926
Test NMSE: 0.00014426573990653825
***************************************************************
Train Residuals: [5.62231955e-02 5.18452240e-02 2.01673690e-02 8.68616788e-04
 4.91638427e-02 4.50324434e-03 3.46713636e-03 2.21679078e-02
 3.31126711e-02 5.89174390e-03 6.76995153e-02 1.04094563e-02
 1.17331581e-02 9.00575171e-02 1.76309242e-02 5.13473752e-02
 2.83946174e-02 2.52338906e-02 1.50585782e-02 4.53917261e-03
 9.76580780e-03 1.23922679e-02 9.71163771e-03 1.85289335e-03
 1.56379092e-02 1.35058972e-03 5.41604634e-02 3.10349443e-02
 3.95927327e-02 7.30790424e-03 1.14242903e-02 8.02092268e-05
 3.31965318e-03 2.91416763e-02 4.01338102e-02 4.50196178e-02
 3.33834276e-02 1.68384211e-02 1.72545032e-03 5.68046233e-02
 9.64743402e-04 4.85670169e-02 1.69274299e-02 2.63502058e-03
 3.56889342e-02 1.05237704e-02 4.26669407e-02 6.31477474e-02
 2.52914863e-02 1.43208984e-02 8.91704216e-03 1.93175256e-02
 1.46988018e-02 3.97538794e-02 3.31634076e-02 1.44408077e-02
 4.52788673e-02 2.97473193e-03 1.83968762e-02 3.17896342e-02
 2.61510684e-02 1.51509179e-02 1.00304765e-02 3.08925496e-02
 4.23282167e-03 9.75525881e-03 3.00755621e-03 1.92030988e-03
 6.66434212e-02 6.46735036e-04 5.57309961e-04 3.06427542e-02
 6.30413653e-03 2.69042866e-02 1.26761772e-02 1.25841844e-02
 2.48525094e-02 8.87341393e-03 1.47136319e-02 2.39056308e-02]
***************************************************************
Test Residuals: [0.00016239 0.02070404 0.01977921 0.04285139 0.02472732 0.00511712
 0.02516825 0.02612149 0.0368564  0.02731814 0.03497534 0.03585724
 0.04722926 0.03149249 0.01822603 0.04148887 0.04026027 0.03918839
 0.05401736 0.01308132]
***************************************************************
