Selected Best Function: 4, x0**(x0/(x0 + x0))
Train MSE: 0.00010409283157320086
Train NMSE: 2.121119285920825e-05
Test MSE: 0.0001756933580925757
Test NMSE: 4.675392358616161e-05
***************************************************************
Train Residuals: [1.52082117e-02 1.01647569e-03 8.49301232e-03 6.01402483e-03
 2.83830126e-02 9.26258245e-03 6.98398584e-03 1.23314636e-02
 3.64234674e-03 1.43195815e-02 1.95288680e-03 7.32567680e-03
 6.61818270e-03 6.57906041e-03 3.65132557e-03 1.27905521e-02
 6.36262920e-04 3.45052707e-03 1.15044427e-02 9.47610133e-03
 7.80123366e-03 2.11168223e-02 5.80563829e-03 1.85282590e-02
 9.35843707e-03 1.30683690e-02 8.55283795e-03 9.62548126e-03
 9.27675437e-03 7.71989275e-03 8.09609987e-04 6.58852433e-03
 5.09393083e-03 5.68084919e-03 7.60731102e-03 1.32899774e-02
 3.79728324e-03 1.68100090e-03 1.41426237e-03 1.52240672e-02
 3.12685997e-04 2.07509385e-03 6.03240595e-03 4.19007588e-03
 3.67766419e-03 8.46577649e-03 7.38453428e-03 3.91224847e-03
 1.04232747e-02 1.61480111e-02 6.32269683e-03 3.14874382e-03
 9.94624972e-03 2.36570663e-02 8.26734368e-03 6.67513442e-03
 7.47811649e-05 1.00144510e-02 1.33803680e-02 1.02642820e-02
 1.95919484e-02 2.67760494e-02 8.88339745e-03 5.27324098e-03
 5.68893731e-03 6.16771910e-03 1.12169314e-02 2.58170122e-03
 2.19745262e-03 3.45334740e-03 6.83763589e-03 4.16765089e-03
 4.12143016e-03 1.78349623e-02 2.13802231e-04 1.17039058e-02
 9.49327228e-03 1.13477998e-02 1.02321637e-02 1.75286788e-03]
***************************************************************
Test Residuals: [0.00270746 0.00194119 0.00679844 0.0194759  0.01852662 0.01970515
 0.00755467 0.02231314 0.02431249 0.00055059 0.0074138  0.01061389
 0.00102343 0.01670635 0.01176473 0.01352794 0.00542814 0.00556203
 0.01196934 0.01505031]
***************************************************************
