Selected Best Function: 8, (x0 + cos(0.2699619**x0))*(x0*x0*x0 + x0)
Train MSE: 0.0001973287700134078
Train NMSE: 3.3080204649798346e-19
Test MSE: 4.896024830053355e-05
Test NMSE: 4.3260857521936097e-20
***************************************************************
Train Residuals: [4.56628193e-03 1.09574944e-03 8.15832773e-03 9.81613994e-06
 6.05361536e-04 3.42821702e-03 4.00172174e-03 6.45452738e-03
 5.32634929e-03 7.05599785e-03 2.97159026e-03 1.58852374e-03
 8.87686014e-03 6.99026976e-04 1.77102536e-03 9.75166447e-03
 2.21573398e-04 6.80752820e-02 6.15376567e-02 3.89133021e-03
 8.08782130e-03 1.56125033e-02 3.07306647e-04 8.45701143e-03
 1.24170482e-02 9.68965888e-03 1.79652142e-03 2.13448983e-02
 4.41549066e-03 7.65659246e-03 7.45124742e-03 3.31502641e-03
 2.60387902e-03 7.06836954e-03 6.01284020e-03 6.00942411e-03
 2.30709473e-02 1.95693190e-02 1.68338604e-03 5.95495105e-04
 3.46198678e-04 5.05291449e-04 6.21629995e-03 2.58857980e-02
 7.57540390e-03 9.75295884e-03 1.59086745e-03 1.35166709e-02
 4.99605387e-03 4.51003085e-04 6.63083792e-03 4.04436141e-03
 1.37500140e-02 1.02190673e-03 2.64566042e-04 9.59462114e-03
 3.91437765e-03 1.32038556e-02 5.20069804e-03 1.11845927e-02
 3.41168046e-03 1.55242607e-02 8.48030490e-03 8.21986236e-03
 2.11369991e-03 1.37446672e-02 1.40127839e-02 1.19406916e-03
 2.47589252e-02 1.07529284e-02 1.43439936e-03 1.17969721e-02
 7.36261380e-03 1.88472793e-02 1.07733905e-02 2.21839840e-02
 1.26898148e-02 4.79341671e-03 5.49442551e-03 1.86650781e-03]
***************************************************************
Test Residuals: [1.56306103e-02 7.18727522e-03 4.24993038e-03 3.57141110e-03
 4.42979112e-03 6.68627326e-03 3.55457794e-03 4.70004839e-03
 1.37706995e-02 8.27966258e-04 1.12188801e-02 6.12524152e-03
 7.79893249e-04 8.19936395e-04 2.34509495e-03 8.13454390e-05
 1.14252426e-02 2.97630695e-03 7.29161501e-03 5.58583066e-04]
***************************************************************
