Selected Best Function: 4, x0*(x0*x0 + x0) + x0
Train MSE: 8.075848963813747e-10
Train NMSE: 9.21246012881007e-21
Test MSE: 6.884667806533395e-10
Test NMSE: 1.1013018389986375e-20
***************************************************************
Train Residuals: [2.37312634e-05 2.82840338e-05 4.88376099e-05 4.51616943e-05
 1.66536165e-06 3.23206186e-05 2.74857157e-05 2.97929655e-05
 9.58009301e-06 7.50878826e-08 2.65607378e-06 4.58646390e-05
 1.88077684e-06 4.92490944e-05 1.25338556e-05 3.33997887e-05
 4.78113170e-05 3.25147994e-06 1.92993830e-05 2.31706072e-05
 3.57587487e-05 2.20671645e-05 4.93494445e-05 3.64183943e-05
 3.92392685e-05 2.88993842e-05 1.83246448e-05 2.55774230e-05
 4.83969343e-05 2.88427527e-05 1.33170979e-05 9.55258292e-06
 1.88961276e-05 1.75804598e-05 3.38749996e-05 2.95195787e-05
 5.68428368e-06 1.49130938e-05 4.03576996e-06 2.70694727e-05
 3.70551250e-05 1.81247015e-06 1.94448767e-05 1.78128248e-05
 9.13938129e-06 2.59956578e-05 4.65855701e-05 3.02827393e-05
 1.61623751e-05 3.16216028e-05 3.69743102e-05 1.61250209e-05
 3.28499082e-05 2.32646416e-05 2.81275134e-05 1.96042820e-05
 8.16837601e-06 1.85325043e-05 3.54883741e-05 4.18319996e-05
 1.27683452e-05 2.28444114e-05 1.10482797e-05 4.79843729e-05
 2.37469794e-05 1.46306120e-05 4.35177290e-05 1.36844410e-05
 2.76292121e-06 1.83781958e-05 3.08883609e-05 1.55503367e-05
 4.89300292e-05 2.95513310e-05 2.09192513e-05 4.60344272e-05
 1.00083762e-05 2.86830000e-05 9.01964086e-06 4.04300517e-05]
***************************************************************
Test Residuals: [2.19627518e-05 1.43170009e-05 9.61608021e-06 1.02655395e-06
 1.27070816e-05 4.92261024e-05 2.64787523e-05 7.82615462e-06
 3.93808841e-05 4.13642847e-05 3.59234982e-05 9.70996916e-06
 1.19925753e-05 1.22181591e-05 3.02792469e-05 2.53439975e-05
 1.79979697e-05 2.30449059e-05 4.77902358e-05 1.90391438e-06]
***************************************************************
