Selected Best Function: 4, x0**(x0/(x0 + x0))
Train MSE: 7.33952903942532e-10
Train NMSE: 1.332514597013748e-10
Test MSE: 7.432624239934733e-10
Test NMSE: 1.91522433599225e-10
***************************************************************
Train Residuals: [3.26379167e-05 2.30202978e-05 7.20794751e-06 2.25563871e-06
 4.22781437e-05 1.77830405e-05 3.07963019e-05 3.97426459e-05
 3.15512057e-05 1.84878573e-06 8.40070459e-06 8.32485037e-06
 4.22414758e-05 8.22568553e-06 1.34199948e-05 3.95378650e-05
 1.30243910e-05 2.36486338e-05 1.31023005e-05 2.24923262e-05
 3.52920129e-06 2.18130681e-05 8.22541522e-06 6.41322347e-06
 1.21610437e-05 3.52588673e-05 4.28111123e-05 4.66576624e-05
 2.20912115e-05 4.70843298e-05 3.47242855e-05 4.26736418e-05
 3.08493300e-06 2.50698050e-05 1.84679245e-05 3.19229304e-05
 2.17285016e-05 2.06575804e-05 2.78677073e-05 3.82739969e-05
 1.86447624e-05 1.05787486e-05 2.95711084e-05 3.40072201e-05
 1.37800723e-05 1.90901477e-05 8.82221170e-06 9.67664946e-06
 2.26071999e-05 1.41086803e-05 3.88531230e-05 1.87365114e-05
 1.05573742e-05 4.14146263e-05 1.81876527e-05 2.45238981e-05
 1.76635576e-05 4.16317964e-05 3.68264500e-05 1.18443996e-05
 1.92390851e-05 4.54572110e-05 1.85911141e-05 4.29783020e-05
 3.87687846e-05 2.49549066e-06 9.15135926e-06 2.64563515e-05
 4.90193134e-05 1.99992920e-06 2.59524834e-05 2.89552468e-05
 9.97373041e-06 1.48166826e-05 4.53532856e-05 1.41104100e-05
 3.32984467e-05 1.55519884e-05 3.51823444e-05 3.64917816e-05]
***************************************************************
Test Residuals: [2.92878744e-05 7.40789898e-06 1.69131114e-05 7.72828572e-06
 2.55837675e-05 1.33143162e-05 2.44527271e-06 3.41254801e-05
 4.35678750e-05 4.09431344e-05 3.82918937e-05 1.39264752e-05
 3.13093782e-06 3.86194657e-05 3.13936806e-05 2.28230174e-05
 3.02699130e-05 4.62063585e-05 1.76279466e-05 9.76545307e-08]
***************************************************************
