Selected Best Function: 6, (x0 + x0*x0)*(x0 + x0*x0*x0)
Train MSE: 3422.016355578276
Train NMSE: 4.601951732145983e-16
Test MSE: 2954.504312917231
Test NMSE: 6.646941461972276e-16
***************************************************************
Train Residuals: [64.83587837 88.28379822 39.66167694 57.9828335  15.31831752 57.22359538
 53.71142906 48.85629588  3.52657491 86.39533615 70.97041655  4.22682664
 50.31151849 78.77694511 95.86969185 69.83319879 11.80243445 99.61520958
 37.4344558  99.24094963 31.78836    71.23899078 67.50279808 31.82493053
 61.81651986  8.70556079 63.75777245 24.90743217 74.3896265  23.82579392
 91.84004402 25.92693862 42.0413917  79.30811977 27.97482879 49.12341291
 46.19039375 79.94105196 41.668      78.64321947  5.43289504 98.36218452
 27.40273775 78.9780879  30.82046601 98.68751144 92.95822334 45.63956296
  6.37230911 64.76818895 30.22542017 50.07397956 31.32773608 41.90934284
 76.41073275 43.85295498  2.33472586 86.08039284 32.49846385 21.03995785
 57.39848101 90.78682995 91.05803204 25.42201778 64.10467196 92.35920811
  1.21731076 23.87690608 37.27786294 55.96432614 87.49677086 39.4117993
 60.52723587 56.35094106 28.77871292 27.75631285 24.37216991 25.81636025
 50.17937142 58.70266068]
***************************************************************
Test Residuals: [11.13210338 14.95094978 70.13998652 26.71135672 97.15285683 82.19454575
 58.16683936 27.25525266 30.5603839  65.91978192 74.24316359 82.39089298
 32.47780908 33.60297861 50.65047264 27.14709085 18.46376478 20.62130005
 73.8381114  59.19785988]
***************************************************************
