Selected Best Function: 7, x0*(x0 + x0*x0*x0)*(x0*x0 + x0)
Train MSE: 21192596.0695156
Train NMSE: 3.0895508348570704e-16
Test MSE: 16425478.32623804
Test NMSE: 4.1979972308922884e-16
***************************************************************
Train Residuals: [4.25343481e+03 7.92155096e+03 1.60372781e+03 3.43153167e+03
 2.42249340e+02 3.33922009e+03 2.92894080e+03 2.41713893e+03
 1.71545749e+01 7.55541125e+03 5.10685609e+03 2.06613590e+01
 2.56552217e+03 6.27143008e+03 9.28073193e+03 4.92439105e+03
 1.48609773e+02 1.00403265e+04 1.43384496e+03 9.98078857e+03
 1.03788681e+03 5.16367636e+03 4.63661111e+03 1.04431940e+03
 3.88692416e+03 8.31546471e+01 4.15072133e+03 6.34054547e+02
 5.59969974e+03 5.89866255e+02 8.55102820e+03 6.95325393e+02
 1.79143598e+03 6.36593539e+03 8.09497258e+02 2.45622203e+03
 2.17959313e+03 6.46108115e+03 1.75811462e+03 6.25571365e+03
 3.52704814e+01 9.76420947e+03 7.81446384e+02 6.33434616e+03
 9.68875612e+02 9.86239978e+03 8.69825562e+03 2.14279265e+03
 4.81121034e+01 4.26647523e+03 9.44335183e+02 2.54545269e+03
 1.01252333e+03 1.79987562e+03 5.90030576e+03 1.96319518e+03
 8.05891382e+00 7.50384064e+03 1.09621909e+03 4.62773691e+02
 3.35071254e+03 8.33251013e+03 8.38683728e+03 6.74597824e+02
 4.18911490e+03 8.64287097e+03 2.27432752e+00 5.94736834e+02
 1.42628634e+03 3.16967012e+03 7.76362109e+03 1.57997933e+03
 3.72789576e+03 3.22568983e+03 8.49369933e+02 7.98173768e+02
 6.19137239e+02 7.00544839e+02 2.57554420e+03 3.50151363e+03]
***************************************************************
Test Residuals: [ 136.8324798   239.14515905 4994.21405029  748.55488056 9550.00158691
 6832.72753906 3454.70370483  764.98893833  962.69500327 4396.86299133
 5570.13973999 6898.48223877 1076.61849928 1176.3817327  2615.99749374
  754.06289881  354.76585971  437.56686613 5540.63464355 3560.41741943]
***************************************************************
