Selected Best Function: 10, sin(x0*x0)/((x0/(x0*cos(x0)))) - x0/x0
Train MSE: 8.97580400480412e-05
Train NMSE: 0.0004449163341038997
Test MSE: 8.125173313245853e-05
Test NMSE: 0.00029179643428589987
***************************************************************
Train Residuals: [3.41398574e-03 3.59402802e-04 2.51232865e-02 8.64240159e-03
 1.74985946e-02 7.32310143e-03 7.75632400e-03 1.03570690e-02
 1.22921270e-02 3.47743698e-03 4.06570473e-03 1.76789451e-03
 1.20113704e-02 6.81314346e-03 8.95558800e-03 6.69934500e-03
 2.13654781e-02 2.57794958e-03 1.08864995e-02 4.20417892e-03
 2.23648994e-02 1.15952927e-02 1.38558640e-02 1.15371537e-03
 5.23648958e-03 3.47569090e-03 1.06824292e-02 1.22840741e-02
 1.39065444e-02 2.97762271e-03 3.07412168e-03 1.94878955e-04
 3.53678142e-04 1.21265859e-02 3.21774416e-03 7.02942075e-03
 9.29330689e-03 1.32000890e-03 1.65194514e-02 3.35177704e-03
 5.11208159e-04 6.81731386e-03 4.66474208e-03 9.34771907e-03
 4.36536255e-03 4.53771617e-03 7.73276333e-03 3.62183180e-03
 1.14996678e-02 6.31312767e-03 3.89345520e-03 1.59867084e-02
 2.58670244e-03 3.79511049e-03 1.44020560e-02 4.21144414e-03
 6.06868538e-05 7.19054169e-03 1.46085035e-03 8.66101719e-03
 3.43696426e-03 4.68071744e-03 9.61070174e-03 4.10495494e-03
 9.80791189e-03 1.63011826e-02 6.25673972e-03 2.25052967e-04
 5.24455055e-05 2.42936383e-03 1.01249026e-02 1.04330555e-02
 6.15076306e-03 5.63449503e-04 1.87881679e-02 1.74349224e-02
 6.63232792e-03 1.41413415e-02 6.11534260e-03 9.49788057e-03]
***************************************************************
Test Residuals: [0.01344929 0.01451788 0.00239746 0.00455519 0.00187678 0.00345657
 0.00108055 0.0013975  0.00980788 0.00369495 0.00599262 0.00630096
 0.01203543 0.00051875 0.00035172 0.0011387  0.00253518 0.02907554
 0.00201031 0.00066102]
***************************************************************
