Selected Best Function: 2, sin(x0) + sin(x1*x1)
Train MSE: 8.874427508433337e-10
Train NMSE: 8.492122886322534e-10
Test MSE: 1.0750215338037324e-09
Test NMSE: 1.2672892625764954e-09
***************************************************************
Train Residuals: [2.17344764e-05 3.70477208e-05 4.96223526e-05 3.49805429e-06
 2.20651419e-05 2.88796825e-05 4.66271956e-05 3.66290988e-05
 5.61670079e-06 8.26598064e-07 4.65977481e-05 2.15497405e-05
 1.27056435e-06 3.53808261e-05 1.21194860e-05 4.89040253e-05
 3.76319472e-05 1.84579726e-05 1.85371335e-05 2.05639413e-05
 2.70010105e-05 3.23230810e-05 4.72483569e-05 1.09912888e-05
 4.30645916e-05 2.98580539e-06 7.12533323e-07 4.89061937e-05
 3.57635309e-05 3.05394908e-05 4.85699486e-05 3.40445977e-05
 2.25132372e-05 2.05593878e-05 2.01338251e-05 3.35894967e-05
 1.47236649e-06 3.34859064e-05 3.30397834e-05 4.75496896e-05
 3.67517807e-05 1.16708719e-05 2.97077780e-05 2.97736114e-05
 2.25407151e-05 3.09606643e-05 3.70226827e-05 3.12344470e-05
 2.82014180e-05 2.63592095e-06 8.07227191e-07 7.82679555e-06
 3.51007832e-05 4.93648454e-05 1.09892897e-05 4.17342585e-05
 2.47712340e-05 2.55393034e-05 1.52029348e-05 3.62119208e-05
 1.96558635e-05 3.87135532e-05 4.07936452e-05 1.54244471e-05
 2.43747586e-05 4.42104507e-05 2.12690496e-05 1.53631437e-05
 2.74134856e-05 9.75292254e-06 1.54615875e-05 3.31653512e-05
 4.87733534e-05 2.16484369e-05 2.95262166e-05 3.12591471e-05
 2.17931943e-05 1.26609676e-05 1.83113335e-05 2.55833674e-05]
***************************************************************
Test Residuals: [1.26104533e-05 3.78962986e-05 4.33000702e-05 3.86738055e-05
 2.94859766e-05 2.78628196e-05 8.53555316e-06 4.38075194e-05
 2.38046462e-05 2.81623301e-05 2.42426902e-05 3.77870682e-05
 2.34756464e-05 4.71297310e-05 4.66747760e-05 2.37651625e-05
 1.06915824e-05 3.71445493e-05 1.05158794e-05 4.90041781e-05]
***************************************************************
