Selected Best Function: 7, (x0*x0 + x0)*(x0*x0 + cos(-x0 + x0))
Train MSE: 0.2081092806109414
Train NMSE: 3.329506545468299e-16
Test MSE: 0.16666640099062133
Test NMSE: 2.3978338021636084e-16
***************************************************************
Train Residuals: [0.05828607 0.24775796 0.05170694 0.05314871 0.175313   0.89122776
 0.10191083 0.09931926 0.0498975  0.05654763 0.20636556 0.32722494
 0.07568529 0.37959231 0.07448642 0.2585118  0.11329948 0.35212696
 0.29414123 0.30788228 0.44580933 0.77632194 0.06660072 0.72168062
 0.25170241 1.13771157 0.44058537 0.80629706 0.20680991 0.07098313
 0.35239177 0.57021578 0.05335774 0.48650109 0.10885848 0.14341284
 0.07404829 0.28655001 0.07409004 0.34359882 0.58225469 0.40341664
 0.43731421 0.11949528 1.07143328 0.11125414 0.61293771 0.1047379
 0.08022668 0.2029977  0.52123061 0.14376782 1.32974862 0.02908648
 0.04111331 0.02527408 0.11759688 0.36825508 0.36349039 0.36731976
 0.14973589 0.17357252 0.35123658 0.3149867  0.822617   0.94908106
 0.27312733 0.42395035 0.46871143 0.12828004 1.12147334 0.35687831
 0.3254133  0.09148636 0.9234884  0.87010564 0.20971037 0.25273506
 0.26944657 0.33715754]
***************************************************************
Test Residuals: [0.34654427 0.3215785  0.40383762 0.20616633 0.62952177 0.16432796
 0.23154194 0.98072824 0.7256679  0.02445235 0.34805521 0.28636563
 0.23749008 0.43415665 0.16080771 0.41951638 0.02905842 0.2054972
 0.02571645 0.49464239]
***************************************************************
