Selected Best Function: 4, sin(x0) + sin(x0 + x0*x0)
Train MSE: 0.009451651640238007
Train NMSE: 0.009104593009672268
Test MSE: 0.01218159103136063
Test NMSE: 0.010819384623757903
***************************************************************
Train Residuals: [0.12305953 0.07325817 0.100858   0.07654393 0.07582024 0.1139405
 0.0616941  0.11049448 0.02940758 0.15268663 0.06627183 0.26234938
 0.00652125 0.01361426 0.17471719 0.07845079 0.0528536  0.05637978
 0.03879183 0.02422418 0.06627577 0.01514743 0.04269957 0.10076574
 0.07001635 0.0292121  0.21097274 0.0357429  0.06978217 0.00641168
 0.01304566 0.03027011 0.11847525 0.06636657 0.08084369 0.05721709
 0.05818802 0.14913273 0.16077489 0.05207971 0.02246852 0.05176961
 0.02842347 0.14204497 0.02721985 0.10597097 0.09120598 0.06098689
 0.03147989 0.12106387 0.18296466 0.03503815 0.15418838 0.01081727
 0.11393562 0.00069568 0.01819346 0.06223345 0.08051118 0.09750994
 0.17713403 0.03330238 0.19431597 0.05515576 0.02881871 0.22507613
 0.08387598 0.09585487 0.00951308 0.10061451 0.05542003 0.05028272
 0.0744492  0.0086417  0.0351244  0.04553514 0.0217879  0.22185812
 0.11314949 0.04544807]
***************************************************************
Test Residuals: [0.02857037 0.0644763  0.15504728 0.0129421  0.00293146 0.00713505
 0.02253917 0.02051378 0.2134897  0.08431284 0.0229193  0.13774854
 0.17441012 0.07140304 0.20393644 0.22779416 0.05066459 0.09368456
 0.01883476 0.02409209]
***************************************************************
