Selected Best Function: 4, sin(x0) + sin(x1*x1)
Train MSE: 1.0151276395032758e-09
Train NMSE: 8.385754732820201e-10
Test MSE: 5.825332993351404e-10
Test NMSE: 6.56936596623534e-10
***************************************************************
Train Residuals: [4.01863332e-05 4.65190434e-05 3.27619774e-05 1.64734224e-05
 3.63587119e-05 3.75191677e-05 4.71602056e-05 4.81475832e-05
 9.15210931e-06 1.10819467e-06 1.40573091e-05 4.82470612e-05
 2.55616385e-05 3.99098347e-05 3.89600711e-05 2.95217268e-06
 3.77630306e-05 4.70742446e-05 4.92044909e-05 3.52782581e-05
 4.01031149e-05 3.69471571e-05 1.18811377e-05 4.98492251e-06
 1.18433844e-05 6.43069154e-06 4.14999799e-05 4.64580903e-06
 3.91533707e-05 4.30604261e-05 4.23779266e-05 4.75974618e-05
 3.56192772e-05 4.51102421e-05 1.89829698e-05 4.10015595e-05
 4.64023545e-05 1.65945566e-05 4.63732270e-05 1.12015922e-05
 4.56269946e-05 2.00539955e-05 3.16437517e-05 2.10048858e-05
 6.76983534e-06 4.61483294e-05 2.84179242e-05 1.84615315e-07
 2.49872177e-05 2.62269187e-05 2.03365667e-05 7.20928579e-06
 8.56384097e-06 4.30350574e-05 2.57281202e-05 4.31115203e-05
 1.42933331e-05 5.84881899e-06 2.17250108e-05 1.30962671e-05
 4.70542655e-05 5.47944071e-06 2.98319967e-05 3.10710740e-05
 6.62650648e-06 1.10869530e-05 2.73550868e-05 1.78435367e-05
 1.90558221e-05 3.42152402e-05 3.42907302e-05 4.00067578e-05
 3.48502310e-05 4.10971136e-05 2.03565582e-05 2.40077644e-05
 2.40441889e-05 6.38142684e-06 4.68604097e-05 4.68315165e-05]
***************************************************************
Test Residuals: [9.28787075e-06 4.54323443e-05 2.27856521e-06 4.15613975e-05
 6.88344983e-06 1.21664906e-05 7.86933980e-06 2.87456145e-05
 4.93586382e-05 7.76208379e-06 1.27738927e-05 4.00468553e-05
 1.50373309e-05 1.08162960e-05 9.56550708e-06 3.04030698e-05
 2.39425538e-05 9.37537863e-06 1.91447127e-05 5.83513717e-06]
***************************************************************
