Selected Best Function: 6, (x0*x0 + x0)*(x0*x0*x0 + x0)
Train MSE: 3422.0190001959572
Train NMSE: 4.601955288539245e-16
Test MSE: 2955.107335846305
Test NMSE: 6.648298121883015e-16
***************************************************************
Train Residuals: [64.73444843 88.52148914 39.53600214 58.07264006 15.06645045 57.28854084
 53.62222505 48.66473615  3.67307884 86.42500305 70.96038866  4.0953843
 50.14610654 78.69141579 95.83422852 69.67172146 11.69755095 99.68972969
 37.38169293 99.40391541 31.71678655 71.35496783 67.5980134  31.83206253
 61.85649848  8.62493627 63.9213531  24.68444474 74.32481098 23.79063689
 91.98298931 25.87208713 41.83384198 79.29100084 27.96149361 49.07476652
 46.17391783 79.88141346 41.42230371 78.58766222  5.45104426 98.32538795
 27.46491376 79.07336712 30.63642508 98.80623627 92.7569561  45.78660038
  6.44847982 64.82624292 30.24895683 49.96282816 31.31129587 41.94427368
 76.33335686 43.81375846  2.38997304 86.10859013 32.61339047 21.00438789
 57.39741325 90.78086662 91.08210945 25.45393286 64.22807646 92.475667
  1.09207879 23.89532931 37.26996447 55.7921412  87.60615158 39.25111982
 60.55242085 56.31176305 28.62921869 27.77414015 24.37169363 25.97909157
 50.24313998 58.68418729]
***************************************************************
Test Residuals: [11.21065615 14.9655577  70.14902782 26.86731103 97.21763611 82.15937567
 58.27881551 27.1527041  30.51459777 65.80053401 74.1297884  82.5724206
 32.30386401 33.79761693 50.65131432 26.98958081 18.33383616 20.43135228
 73.92618465 59.17682624]
***************************************************************
