Selected Best Function: 3, log(x0**3)
Train MSE: 0.29438507315300544
Train NMSE: 0.03807809358265412
Test MSE: 0.11659587929697812
Test NMSE: 0.0485622657479207
***************************************************************
Train Residuals: [0.59106528 0.58079801 0.17400919 0.6069795  1.0387492  0.35658385
 0.49133514 0.2194204  0.58850004 0.1798558  0.46855667 0.05153959
 0.02660916 0.78713509 0.5294727  0.96696408 0.56261068 0.7100808
 0.32082649 0.32543125 0.31921588 0.50229899 0.68575028 0.09725074
 0.05337505 0.55544699 0.48900542 0.53864541 0.57140637 0.18480587
 0.79489367 0.62414377 0.08984418 0.02558185 0.17787994 0.18104977
 0.2329203  0.46767323 0.4235043  0.47459402 0.56848089 1.04968557
 0.26329602 0.32174645 0.10480554 0.38425898 0.26098303 0.56118688
 0.90152139 1.04444866 0.01872022 0.69706639 0.01708714 0.0751215
 0.60432433 0.38969633 0.28235192 0.70356249 0.44011511 1.37222332
 0.19389971 0.54722973 0.16797611 0.29664562 0.28038335 0.5251633
 0.11162271 1.19354902 0.61614605 0.61777901 0.37570922 0.12763428
 0.11251406 0.072885   1.31760813 0.12037434 0.22391019 0.23138665
 0.6771954  0.70581554]
***************************************************************
Test Residuals: [0.20971319 0.50836394 0.6669645  0.4064058  0.00773168 0.00410022
 0.08714481 0.28559919 0.02768119 0.37771935 0.08329904 0.6446864
 0.29222029 0.49380224 0.20236803 0.01490504 0.07567953 0.61744762
 0.05884073 0.0584986 ]
***************************************************************
