Selected Best Function: 8, log((x0 + 1.0006735)*(x0**2 + 1))
Train MSE: 4.631104798329392e-09
Train NMSE: 5.513875893996062e-10
Test MSE: 1.0064184717809777e-09
Test NMSE: 2.546322347303366e-10
***************************************************************
Train Residuals: [3.23897152e-05 5.17510406e-05 3.53380591e-05 4.48320599e-05
 1.06119841e-05 4.60717478e-05 1.03131621e-05 3.56085743e-05
 1.26668872e-04 6.89971503e-05 3.84072956e-05 5.42123920e-05
 3.47511036e-06 3.54240576e-05 1.47693827e-05 2.57398833e-04
 2.78850309e-05 1.72464444e-05 5.64158371e-05 3.24975946e-05
 2.59999051e-05 1.62882481e-05 6.09925755e-05 3.06600682e-04
 1.71389163e-05 7.84954631e-06 2.84633551e-05 2.03539165e-05
 2.12346526e-05 5.42129191e-05 9.44087685e-06 2.72062479e-05
 5.31471809e-05 3.04866156e-05 1.03697550e-04 1.39856558e-05
 1.90038534e-05 3.96678897e-05 9.16289632e-05 2.56998116e-06
 4.49961635e-05 1.65086885e-04 7.95512135e-06 7.20460033e-05
 1.93864013e-07 2.81692414e-05 4.81069338e-06 1.32975270e-05
 3.15642560e-05 1.40386971e-04 4.84901812e-05 2.35831802e-05
 2.06080213e-05 2.79732977e-05 1.52436166e-06 2.56647490e-05
 6.12543428e-05 5.20269360e-07 6.80824287e-06 3.45263691e-05
 5.56095722e-05 1.70063189e-04 3.88226709e-05 3.11533997e-05
 1.83386968e-05 4.00818022e-05 1.27681893e-05 7.24627068e-06
 6.54032040e-06 1.25240522e-04 6.00258905e-05 4.62568098e-05
 1.29054892e-05 1.45008968e-05 3.54191093e-05 3.49065630e-05
 5.51156630e-05 2.50801780e-05 2.96714926e-05 2.45125576e-05]
***************************************************************
Test Residuals: [1.27025214e-05 2.14078401e-05 3.28593262e-05 3.28108818e-05
 1.26828380e-05 4.51169276e-05 2.76461465e-05 6.42645167e-07
 4.93861352e-06 3.82610328e-05 4.84735578e-05 8.56102281e-06
 8.03459990e-06 3.42382895e-05 6.34573318e-06 6.29868655e-05
 8.94082522e-06 3.13577642e-05 3.35615964e-05 5.51904501e-05]
***************************************************************
