Selected Best Function: 4, sin(x0) + sin(x0 + x0*x0)
Train MSE: 0.0007713416178174082
Train NMSE: 0.0007337856179083716
Test MSE: 0.0008830139962729808
Test NMSE: 0.00103144072504724
***************************************************************
Train Residuals: [0.00357988 0.00796514 0.01408018 0.02714486 0.03624941 0.01040213
 0.02694447 0.01035368 0.02080941 0.00046244 0.03716817 0.03796575
 0.0306894  0.01595819 0.00111117 0.0177701  0.00226032 0.02244946
 0.04732101 0.00179176 0.0172777  0.02608571 0.00094752 0.00680691
 0.00050953 0.03527276 0.01192808 0.03642995 0.00443168 0.01237903
 0.01831317 0.0046618  0.03446508 0.0215734  0.03070877 0.04514215
 0.00776656 0.00697651 0.02202994 0.01269718 0.01617824 0.07352282
 0.0018009  0.00284232 0.0204432  0.06252643 0.01535048 0.01395335
 0.01109419 0.04398853 0.01630016 0.00119252 0.00012959 0.01765656
 0.05225762 0.03634636 0.01617981 0.03668857 0.0103918  0.03074282
 0.0199065  0.02039216 0.00115686 0.05183927 0.01300889 0.07451302
 0.01162539 0.05499666 0.01754149 0.02551312 0.05727479 0.00394865
 0.02525211 0.01412252 0.02710101 0.01905339 0.02489289 0.04413109
 0.0087178  0.01609267]
***************************************************************
Test Residuals: [0.01555922 0.03313829 0.03924034 0.02176103 0.01501846 0.03478205
 0.02178279 0.00700723 0.03337796 0.02429956 0.00717666 0.00652124
 0.0126779  0.03319624 0.02110673 0.0416002  0.01807909 0.00715614
 0.08061577 0.01527796]
***************************************************************
