Selected Best Function: 5, -x0 + x0 - sin(-x0 + x1) + sin(x0 + x1)
Train MSE: 6.41616697177922e-10
Train NMSE: 6.639323243427816e-10
Test MSE: 7.809111571659482e-10
Test NMSE: 5.702864068019738e-10
***************************************************************
Train Residuals: [2.45176473e-05 2.48541278e-05 1.06430250e-05 8.56868608e-06
 1.80522956e-05 4.80289438e-05 3.63917683e-05 4.01024729e-05
 3.01716807e-05 2.92048214e-05 9.03907731e-06 5.47248725e-06
 2.87071186e-06 5.91212124e-06 7.59554181e-06 9.08588179e-06
 3.69912751e-06 1.32541539e-05 7.85673700e-06 1.02526160e-05
 2.68823976e-05 1.03355408e-05 3.90459240e-05 4.35045761e-05
 9.55430375e-06 4.18900430e-05 3.98997766e-05 1.69820148e-05
 3.76665095e-05 3.19804690e-05 3.65991423e-05 3.41741791e-05
 2.35350939e-05 4.07386073e-06 1.60140363e-05 9.62894401e-06
 2.91848095e-06 1.32708817e-05 3.51646742e-05 3.36312891e-05
 3.96308000e-05 8.12841471e-06 3.94982168e-05 9.68925959e-07
 2.71334346e-05 3.13684486e-05 2.63095016e-05 6.80902391e-06
 2.04273240e-05 1.61373294e-06 5.49682859e-06 4.77456714e-05
 1.11696396e-05 1.39378154e-05 7.18270812e-06 1.85343381e-05
 5.09567646e-06 3.73118537e-05 3.89004477e-05 1.81484318e-05
 6.57626054e-06 2.04561677e-05 4.97543247e-05 1.14366063e-05
 2.24458879e-05 2.76781788e-05 3.95174799e-05 1.49826241e-05
 6.50586816e-06 1.23513160e-05 2.66549537e-05 4.21710745e-06
 2.57803207e-05 1.38681592e-05 2.08788325e-05 2.94783868e-05
 3.86995037e-05 3.84776437e-05 3.15632533e-05 2.35043606e-06]
***************************************************************
Test Residuals: [3.98942329e-05 3.57412248e-05 4.40060492e-05 4.51765781e-07
 1.28372016e-05 3.55572943e-05 7.29001265e-06 1.70381309e-09
 2.97527869e-05 1.55481044e-05 2.26368749e-05 4.14871176e-05
 3.89302347e-05 1.20372046e-05 3.07684911e-05 7.07590387e-06
 9.76912383e-06 3.59235861e-05 4.38883794e-05 5.53169894e-07]
***************************************************************
