Selected Best Function: 4, sin(x0) + sin(x0*x0 + x0)
Train MSE: 0.00011547575969463913
Train NMSE: 0.00012173689353037365
Test MSE: 0.0001616371530375022
Test NMSE: 0.00024219636108285852
***************************************************************
Train Residuals: [1.21709790e-02 4.49251521e-04 1.01447872e-02 7.16084876e-03
 1.85918084e-03 7.51866435e-03 1.11132076e-02 5.50887245e-03
 4.95583623e-03 2.89508620e-03 4.08306287e-03 9.88736559e-03
 6.65944816e-03 1.03068892e-02 1.60182639e-02 9.11504393e-03
 2.10863579e-02 2.01018980e-02 1.12278503e-02 5.18450134e-03
 9.41111315e-03 1.83972721e-02 2.04631134e-02 7.38363505e-03
 1.28646069e-02 2.18817442e-03 1.34792259e-02 1.00202303e-03
 5.24844256e-03 6.37673840e-03 1.72814699e-03 2.71652304e-03
 6.81673144e-03 1.36169344e-02 4.04541731e-03 5.85134416e-03
 3.00296605e-03 1.13646791e-02 3.67562494e-03 1.24159856e-02
 8.42157853e-04 1.98267304e-02 8.93253245e-03 3.30680412e-03
 3.78885924e-04 7.41090510e-03 1.02944200e-02 5.96903340e-04
 1.31424102e-02 3.83800927e-03 1.86609151e-02 5.31757623e-05
 5.59843047e-03 1.16542002e-03 5.42430389e-03 7.11833889e-03
 2.37077868e-03 5.12860013e-03 5.75061155e-03 8.89425580e-03
 1.56385995e-02 7.11825407e-03 1.65477766e-03 1.11565427e-02
 2.02113989e-02 7.86128401e-03 7.54315534e-03 5.49427248e-03
 2.45153531e-02 9.90197101e-03 3.06018322e-02 6.12461100e-04
 6.43590076e-03 2.43229167e-02 4.23899644e-03 2.85639008e-03
 7.77627708e-04 3.71322536e-03 5.13417973e-03 2.02012286e-02]
***************************************************************
Test Residuals: [0.02006044 0.02167918 0.01426995 0.00037158 0.01880812 0.00706835
 0.0120517  0.00558902 0.01600828 0.01318917 0.01134138 0.0123687
 0.00073908 0.00725533 0.02228323 0.00662213 0.00367366 0.01044465
 0.01176398 0.00316046]
***************************************************************
