Selected Best Function: 4, sin(x0) + sin(x1*x1)
Train MSE: 0.00011103771079494166
Train NMSE: 0.00010486117852077338
Test MSE: 0.00011811170957273863
Test NMSE: 0.00014328413695554327
***************************************************************
Train Residuals: [6.95740717e-04 1.10698926e-02 5.05645664e-03 1.49436410e-02
 9.80126057e-03 8.45988904e-03 6.41247353e-04 1.70754371e-02
 7.20960279e-03 1.81480087e-02 1.09938742e-03 2.44744511e-03
 4.73927552e-03 4.75105004e-03 9.77652053e-03 7.16724960e-03
 2.78374639e-03 1.94066905e-02 4.08514047e-03 2.19902179e-02
 5.19876663e-03 1.92912738e-02 1.82013422e-02 1.29372103e-02
 1.56183342e-03 1.03289702e-02 3.11678718e-03 3.19837717e-03
 6.71373413e-03 9.01211261e-03 4.28259680e-04 6.32621612e-03
 1.16871905e-03 3.24619781e-04 1.66110908e-02 1.12128652e-02
 1.46919234e-02 1.31898890e-02 2.63805458e-02 6.01767893e-03
 1.01397651e-05 2.14210076e-03 8.17839997e-03 5.86423314e-03
 1.69641263e-03 5.26862882e-03 6.90489014e-03 2.36539334e-02
 1.17847299e-02 2.26326163e-03 3.19426831e-03 5.83074330e-03
 3.85752066e-03 3.95969124e-03 7.31054131e-04 1.10068674e-03
 1.46404867e-02 3.52858053e-03 2.37468202e-02 9.04718544e-04
 3.39375288e-03 1.14224187e-02 5.09359803e-03 5.28290757e-03
 7.29668914e-06 7.60287007e-03 5.37374175e-03 4.63132646e-04
 1.51287741e-02 1.36074980e-02 2.10209406e-03 5.10487253e-03
 1.51616618e-02 2.00684389e-02 3.03055119e-03 6.37732228e-03
 2.63938097e-03 1.18826518e-02 2.30562656e-02 4.75820241e-03]
***************************************************************
Test Residuals: [0.00704645 0.01608299 0.00352092 0.0124028  0.00529393 0.01489702
 0.01173462 0.00556672 0.00641543 0.00047196 0.01806254 0.01071377
 0.0043772  0.01082278 0.00835596 0.01549722 0.01502046 0.00618465
 0.00069959 0.01661336]
***************************************************************
