Selected Best Function: 4, log(x0*(x0**2 + x0))
Train MSE: 0.014479602892167421
Train NMSE: 0.0020652981793407507
Test MSE: 0.012825220568801981
Test NMSE: 0.0013874488492690168
***************************************************************
Train Residuals: [0.08489636 0.12260419 0.0582656  0.04969158 0.13818525 0.45568263
 0.14322549 0.09153425 0.00358007 0.03003989 0.01586052 0.13680833
 0.2118877  0.08516729 0.09812445 0.05963141 0.03395664 0.09050798
 0.01582181 0.00363207 0.08113942 0.14161445 0.04189448 0.0100514
 0.08349449 0.14614706 0.10566459 0.12906108 0.08533345 0.07788065
 0.13018045 0.05984954 0.09768512 0.05859049 0.07660611 0.02871082
 0.22377819 0.17086151 0.02219537 0.02250885 0.08307463 0.03975772
 0.15541689 0.01833304 0.07772745 0.25903231 0.0799072  0.25718908
 0.02548289 0.06605629 0.03398175 0.07529342 0.18212462 0.03525793
 0.02892092 0.11682862 0.04485182 0.13150375 0.01435563 0.1065857
 0.11463663 0.1798408  0.06786894 0.12098085 0.04591958 0.05460656
 0.21480138 0.00792596 0.01651067 0.08495151 0.12287185 0.22580347
 0.00245162 0.26516574 0.15993532 0.01581292 0.05359844 0.02507171
 0.03674159 0.02241353]
***************************************************************
Test Residuals: [0.04401563 0.10050068 0.03421976 0.12310069 0.10664441 0.0279461
 0.0317867  0.21556166 0.16372358 0.11600473 0.10343594 0.02047012
 0.18301221 0.04454811 0.20568492 0.00238436 0.04945751 0.1069284
 0.14924411 0.05645001]
***************************************************************
