Selected Best Function: 10, (x0*x0 + x0 + cos(-0.049620323))*(x0*x0 - 0.8752177 + cos(-1.6093755) + cos(-0.36965063))
Train MSE: 844.7158801683579
Train NMSE: 1.0151230964932478e-12
Test MSE: 1196.1663129782398
Test NMSE: 1.0196824627133592e-12
***************************************************************
Train Residuals: [11.75958929 10.36503239 12.73027684  9.70254993 70.16141249  4.51886608
 13.34134295  8.56402444 10.84668524 71.73956731 13.53077769 12.20965239
  6.12361142 56.60834169  6.04449289 25.23848414 13.62626579  3.62594349
 20.33039058  9.45873948  9.60726899 10.07099268  9.78668221 13.15332535
  6.89599659 13.32824887 41.38484702 43.8259634  12.17342859  9.19474585
 31.68884864 34.78867602  7.8295118  20.40267047  9.40853528 11.73224429
  9.55524767  1.59416809  9.04754131 32.92465866 69.02113841 10.85326242
  7.19079854 11.74753349  7.72476248  8.64899162 13.71268411 57.72383432
  5.31765082  5.38336495 12.02576994 24.60560158 16.07975149 22.98172701
 13.50555424 69.37338811 76.17770609 71.74458489 10.77400784 23.53339107
 11.84033118  2.23851677  7.23938005 15.67082648  6.97951018 54.15281492
  1.28359674 12.91315766  5.59469649 27.25206938 61.26369031  3.90920363
  4.07011392 13.57949842 53.6046102  56.97104698  8.77613369 33.55591527
 13.69972468 12.41914065]
***************************************************************
Test Residuals: [70.80095495  2.10138326  8.85524965 69.05859742  9.21663008  8.29379079
 20.45746914 48.97649843 61.84642822 37.83719879  5.54497694  1.07568832
  1.99573956 11.5803662  13.25304283  1.15599857 72.71771309  3.95413554
  5.07108421 12.444631  ]
***************************************************************
