Selected Best Function: 12, x0**6.1122705408931/log(log(1.91812594491679*x0))
Train MSE: 9406813825049504.0
Train NMSE: 1.444589908060888e-07
Test MSE: 4791157017018476.0
Test NMSE: 2.242467124422002e-07
***************************************************************
Train Residuals: [2.44681114e+07 1.73523225e+08 9.35511344e+06 3.81527684e+05
 1.18318187e+08 2.46370027e+06 6.10664476e+07 1.11303578e+08
 1.67956672e+07 1.55660868e+08 3.19296244e+05 1.07559678e+07
 1.27728705e+08 9.47682089e+07 9.57647758e+06 1.61391063e+08
 4.58715891e+07 1.49580703e+08 8.34099461e+05 2.50348170e+06
 3.02021667e+08 1.72597882e+08 1.11970140e+07 2.59222914e+07
 4.57887588e+05 1.54375030e+08 1.38234807e+06 6.86930209e+04
 1.68856112e+08 2.99986375e+05 2.59098453e+04 1.41966105e+08
 2.57772094e+07 1.75483776e+07 7.09991040e+06 1.35391574e+08
 2.17457941e+08 4.66565506e+06 1.27414267e+07 1.64846069e+08
 5.52623719e+07 1.70255313e+08 1.27376524e+02 2.37599977e+07
 9.27558481e+07 2.16177377e+07 1.90741333e+07 1.73691873e+08
 4.41825528e+06 1.91528419e+07 1.08260990e+08 3.63813734e+03
 1.56633655e+08 3.63633205e+07 2.20242348e+07 2.11249149e+05
 4.13169450e+06 1.51710363e+07 2.14770234e+07 1.64256473e+08
 1.48822041e+06 6.53869983e+02 1.38390043e+03 1.07077256e+08
 2.11275064e+07 1.12873786e+08 1.39233932e+08 1.59025102e+08
 2.57186258e+07 4.98437286e+06 2.90711720e+06 2.55194702e+08
 1.67462643e+06 1.48590369e+08 3.46280756e+06 2.57589118e+07
 7.43615775e+07 3.76356469e+06 2.46967749e+07 1.91426232e+07]
***************************************************************
Test Residuals: [9.43979792e+06 5.55277082e+06 4.82916728e+05 1.26175517e+06
 1.23148298e+08 1.71485297e+08 8.75045817e+04 2.22314796e+03
 5.64565216e+07 2.30168563e+07 2.69764043e+03 3.36429391e+05
 1.13718373e+07 1.13842245e+07 1.61715319e+07 1.29589822e+08
 3.19432222e+04 8.28032571e+06 1.71616800e+08 2.40119952e+07]
***************************************************************
