Selected Best Function: 3, log(x0**3)
Train MSE: 0.27513656784903384
Train NMSE: 0.05981876386865087
Test MSE: 0.212026482567412
Test NMSE: 0.04641340454318052
***************************************************************
Train Residuals: [0.50521178 1.11895922 0.32846271 0.10303951 0.5995831  0.42952705
 0.60617541 0.01411258 0.49935294 0.2288085  1.14906179 0.43670193
 0.53072098 0.12589758 0.33277206 0.00707245 0.50544951 0.84895609
 0.05132415 1.18159397 0.03818047 0.23413536 0.44116518 0.07888252
 0.40976234 0.32003639 0.14903323 0.90072838 0.36684532 0.97369035
 0.22959512 0.18028664 0.45369462 0.32349816 0.40144255 0.15715455
 0.46374342 0.18090629 0.08638289 0.65125975 0.22650766 0.64498871
 0.47085108 0.86073719 0.68831579 0.38947949 0.23496138 0.46311322
 0.20939319 0.01830668 0.08543531 0.2619503  0.53417376 0.31182189
 0.20666222 0.6640219  0.05410253 0.8723081  0.3660286  1.62761033
 0.60080484 1.30273679 0.01623516 0.28509723 0.43811727 0.02602068
 0.42587037 0.53491642 0.21638964 0.0019622  0.06023605 0.26013486
 0.04167849 0.09532453 0.41019397 0.6973078  0.46083647 0.26223509
 0.2668813  0.61561123]
***************************************************************
Test Residuals: [0.56693119 0.62215653 0.58905475 0.32283693 0.01611365 0.1100668
 0.23727712 0.47607559 0.2143283  0.83617558 0.17846455 0.31437159
 0.03608384 0.1946967  0.54780674 0.86969754 0.70896286 0.15247611
 0.51766349 0.14203871]
***************************************************************
